1.000000000000000000e+00 1.564576249684982359e-18 1.896167223236489008e-09
1.840402728703338653e-05 3.637571910353187832e-10 9.999815821647644043e-01
2.595541458275349001e-25 3.200148072967159973e-14 1.000000000000000000e+00
9.999994635581970215e-01 6.955061252377153873e-19 5.327254370968148578e-07
3.966657904919124178e-11 2.018008871118581737e-07 9.999998211860656738e-01
1.587338498193210877e-23 7.427122000638712584e-15 1.000000000000000000e+00
9.993569254875183105e-01 2.601902890123314153e-15 6.430589128285646439e-04
9.390533782807978867e-19 4.300864785838909299e-12 1.000000000000000000e+00
2.560162870917029945e-23 3.497935719288386425e-14 1.000000000000000000e+00
1.000000000000000000e+00 2.674091066568101491e-20 1.324124365709167250e-09
1.115263216888706665e-06 3.380271618169672365e-10 9.999988675117492676e-01
5.339741781987334624e-25 3.993739339886934192e-14 1.000000000000000000e+00
9.999998807907104492e-01 2.737935774301785174e-18 1.265602378452967969e-07
5.600657947861788720e-17 4.990504121060723719e-10 1.000000000000000000e+00
4.436742071504091910e-25 3.053713355859015433e-14 1.000000000000000000e+00
9.999995827674865723e-01 1.245639902438375646e-16 4.220383402753213886e-07
1.069600689839838892e-19 1.470879494591681436e-11 1.000000000000000000e+00
5.653698561503982060e-25 1.109326592716418369e-13 1.000000000000000000e+00
4.112208262085914612e-02 3.524493522553961977e-13 9.588779211044311523e-01
9.995191693305969238e-01 4.487863463557666133e-15 4.808240046259015799e-04
1.190921245158718622e-25 2.804474419349205910e-14 1.000000000000000000e+00
6.406259536743164062e-01 8.763975466565335215e-15 3.593740165233612061e-01
9.999818801879882812e-01 2.542200831627278862e-15 1.809261448215693235e-05
2.878068725103068698e-26 7.411102913540239256e-15 1.000000000000000000e+00
1.246521044343624693e-14 7.204619659108985052e-14 1.000000000000000000e+00
6.371529889293015003e-04 1.727259692696145321e-13 9.993628263473510742e-01
6.783748957285035037e-26 2.303938425674348367e-14 1.000000000000000000e+00
9.999998807907104492e-01 4.917732464259180616e-19 1.457510876434753300e-07
9.996621608734130859e-01 4.908286572861443597e-15 3.378602268639951944e-04
6.342040468250920167e-26 2.047379938654135534e-14 1.000000000000000000e+00
5.429316759109497070e-01 9.832925489464128255e-13 4.570683240890502930e-01
4.402996506541967392e-03 8.159548731123678067e-11 9.955970048904418945e-01
7.211821246015306074e-26 2.510249224197541595e-14 1.000000000000000000e+00
2.778525022908984177e-13 1.173182384572868386e-10 1.000000000000000000e+00
9.331617223293430056e-18 3.401608855702065171e-12 1.000000000000000000e+00
6.785819717161240193e-26 2.311491587871604414e-14 1.000000000000000000e+00
9.999998807907104492e-01 9.399891883872944407e-18 9.107588994083926082e-08
3.360337764024734497e-02 1.763887755475146424e-12 9.663966298103332520e-01
1.107438314230474877e-25 3.683073743448832260e-14 1.000000000000000000e+00
9.999648928642272949e-01 1.911154615538365482e-16 3.512754847179166973e-05
2.457874128594994545e-03 3.799578013330418003e-11 9.975421428680419922e-01
7.996973297038518004e-23 1.207336368467398779e-13 1.000000000000000000e+00
9.557076692581176758e-01 2.977251962760912862e-13 4.429235309362411499e-02
1.910962300942856129e-13 2.516872561059146918e-12 1.000000000000000000e+00
4.131576002927820080e-23 6.388886273321625620e-13 1.000000000000000000e+00
1.000000000000000000e+00 8.618745707715476824e-20 6.065027591262150963e-09
5.799363134428858757e-05 7.270939926529162989e-12 9.999420046806335449e-01
1.503881224965909445e-25 3.801567554132488647e-14 1.000000000000000000e+00
9.999999403953552246e-01 1.997927590602658321e-18 3.010952553950119182e-08
3.515944424492545295e-09 1.121142345628101111e-10 1.000000000000000000e+00
1.673961854802855525e-24 1.006434112481649490e-13 1.000000000000000000e+00
5.453547146316850558e-06 5.737554875651085240e-10 9.999945163726806641e-01
6.535323960173605348e-19 9.245966839377395274e-12 1.000000000000000000e+00
4.718677843029505906e-23 1.671634185240744586e-11 1.000000000000000000e+00
9.999999403953552246e-01 1.415602882520560320e-18 3.419869898380056839e-08
9.999990463256835938e-01 1.546689089323982551e-18 9.785280781215988100e-07
4.489075103956453833e-25 1.166446767734280465e-13 1.000000000000000000e+00
9.999596476554870605e-01 7.417495643246734872e-18 4.034060839330777526e-05
9.999999403953552246e-01 1.639199831658570905e-17 6.191060464288966614e-08
1.839924753974064363e-25 1.707246913014003747e-14 1.000000000000000000e+00
1.333072036504745483e-01 3.823200436792184576e-13 8.666927814483642578e-01
6.630778557337180246e-07 1.084401597922605986e-13 9.999993443489074707e-01
7.747258983060354106e-25 2.680456768003325330e-14 1.000000000000000000e+00
1.000000000000000000e+00 3.671902883619479849e-20 3.693501726687031805e-09
9.999999403953552246e-01 9.529246801654293151e-19 8.400199646985129220e-08
1.872181646167100858e-25 3.800284468623987832e-14 1.000000000000000000e+00
9.998893737792968750e-01 2.958353412569236958e-15 1.106342824641615152e-04
1.205041818320751190e-02 9.441086107342400169e-11 9.879496097564697266e-01
7.691981773798287638e-26 2.545931164726986801e-14 1.000000000000000000e+00
8.927248120307922363e-01 2.021757240788790710e-11 1.072751656174659729e-01
4.489572736340555908e-17 1.354017245547289860e-11 1.000000000000000000e+00
3.628716934439048193e-23 3.834260599994143703e-12 1.000000000000000000e+00
1.057550269578655389e-09 4.718024676996467048e-14 1.000000000000000000e+00
2.690882456093945940e-13 4.467651563370284018e-14 1.000000000000000000e+00
9.596078760038367582e-26 2.260061610786807257e-14 1.000000000000000000e+00
1.338469883194193244e-05 1.590531024486634137e-14 9.999865889549255371e-01
3.810383801272778466e-16 1.487050933779432427e-12 1.000000000000000000e+00
7.288291450015167905e-26 7.089550572037667253e-15 1.000000000000000000e+00
1.942399831023067236e-05 8.790669879304643941e-14 9.999805688858032227e-01
5.000403099941243268e-14 9.684382202418406749e-13 1.000000000000000000e+00
7.100131217844681572e-23 2.815436143770166932e-13 1.000000000000000000e+00
9.999988079071044922e-01 8.486898934188206226e-19 1.208078515446686652e-06
3.669562154140493249e-10 2.093433282626677716e-12 1.000000000000000000e+00
3.263174015975102088e-24 3.491589748447557207e-14 1.000000000000000000e+00
8.924041986465454102e-01 1.581770738695587042e-13 1.075957864522933960e-01
4.913599163506622569e-15 9.416160559605479818e-12 1.000000000000000000e+00
3.831398562526268831e-25 3.508312211705430506e-14 1.000000000000000000e+00
1.578583963578791133e-14 5.612917249042670420e-12 1.000000000000000000e+00
4.509061281532071726e-21 7.421790504218150897e-13 1.000000000000000000e+00
2.037953955715304350e-19 1.793945721140222105e-11 1.000000000000000000e+00
9.999991059303283691e-01 1.025940223028214775e-18 9.030051160152652301e-07
9.144960641860961914e-01 3.407941983829348119e-15 8.550391346216201782e-02
1.831961696173924012e-25 2.841909209859699165e-14 1.000000000000000000e+00
9.976952672004699707e-01 8.642698692075783382e-17 2.304721856489777565e-03
3.527223016135394573e-04 5.749724020466182028e-14 9.996472597122192383e-01
1.252873450274119258e-25 9.900142263331943721e-15 1.000000000000000000e+00
5.380750298500061035e-01 5.183344598262869252e-14 4.619249701499938965e-01
6.851017531062097987e-10 8.917260647337693635e-14 1.000000000000000000e+00
1.163528789782017632e-25 2.762717727928642314e-14 1.000000000000000000e+00
9.999999403953552246e-01 4.308672012159055788e-20 4.194942349045049923e-08
9.771421551704406738e-01 2.471263304602388904e-15 2.285786718130111694e-02
8.583644813516405768e-26 2.292042864369698424e-14 1.000000000000000000e+00
9.999747276306152344e-01 3.837607175499735662e-17 2.529942867113277316e-05
2.992184500172356820e-09 2.245590730509325339e-13 1.000000000000000000e+00
1.141904874844364633e-23 8.407804888508479957e-14 1.000000000000000000e+00
6.002000645821681246e-06 5.167155939234113760e-11 9.999939799308776855e-01
6.938903002893966461e-18 2.281163539313846300e-12 1.000000000000000000e+00
1.412697000007400311e-23 4.540972632638418105e-12 1.000000000000000000e+00
1.000000000000000000e+00 1.570855687907602100e-18 1.086168754937943959e-08
1.415303455215653067e-14 4.845850283541341952e-12 1.000000000000000000e+00
2.595541458275349001e-25 3.200148072967159973e-14 1.000000000000000000e+00
9.999999403953552246e-01 2.264793892294223223e-19 3.635152623360227153e-08
1.092737849226439127e-18 2.665758169762000307e-10 1.000000000000000000e+00
1.587338498193210877e-23 7.427122000638712584e-15 1.000000000000000000e+00
9.983175396919250488e-01 2.980425608867026330e-15 1.682472298853099346e-03
6.930208685593903099e-23 1.324796256854318677e-13 1.000000000000000000e+00
2.560162870917029945e-23 3.497935719288386425e-14 1.000000000000000000e+00
1.000000000000000000e+00 3.368756375637853797e-20 8.203849266585905298e-10
4.157882244257407383e-17 9.515337823229330638e-11 1.000000000000000000e+00
5.339741781987334624e-25 3.993739339886934192e-14 1.000000000000000000e+00
1.000000000000000000e+00 7.421442225346801936e-19 2.945262700393413979e-08
1.193102293429829148e-20 2.122984774088898519e-11 1.000000000000000000e+00
4.436742071504091910e-25 3.053713355859015433e-14 1.000000000000000000e+00
9.999734759330749512e-01 2.677998000764035547e-15 2.650155875016935170e-05
9.572626398642690033e-22 2.074873042476332863e-12 1.000000000000000000e+00
5.653698561503982060e-25 1.109326592716418369e-13 1.000000000000000000e+00
3.722680849023163319e-04 2.365517720939736002e-13 9.996277093887329102e-01
1.161486259661614895e-03 3.279707234959960971e-13 9.988384842872619629e-01
1.190921245158718622e-25 2.804474419349205910e-14 1.000000000000000000e+00
8.219214081764221191e-01 6.710121739798629789e-15 1.780785769224166870e-01
9.852359294891357422e-01 1.183690054610761488e-13 1.476409845054149628e-02
2.878068725103068698e-26 7.411102913540239256e-15 1.000000000000000000e+00
4.789426166318215550e-14 6.020982594879403793e-14 1.000000000000000000e+00
1.752689833545151288e-11 4.454913543096294948e-14 1.000000000000000000e+00
6.783748957285035037e-26 2.303938425674348367e-14 1.000000000000000000e+00
9.999997019767761230e-01 2.077602454384378499e-18 3.183155570241069654e-07
7.118033617734909058e-02 7.243209504403935739e-12 9.288196563720703125e-01
6.342040468250920167e-26 2.047379938654135534e-14 1.000000000000000000e+00
7.344169020652770996e-01 2.378755287364697768e-13 2.655831277370452881e-01
8.507179813932452817e-07 4.218568203095962588e-12 9.999991655349731445e-01
7.211821246015306074e-26 2.510249224197541595e-14 1.000000000000000000e+00
5.281321894535487196e-16 1.954185598063151730e-11 1.000000000000000000e+00
1.068638187648951017e-19 5.671175876999223764e-13 1.000000000000000000e+00
6.785819717161240193e-26 2.311491587871604414e-14 1.000000000000000000e+00
9.999988079071044922e-01 2.414449383611029461e-17 1.216005671267339494e-06
2.259088505525141954e-04 7.140415103808195330e-13 9.997740983963012695e-01
1.107438314230474877e-25 3.683073743448832260e-14 1.000000000000000000e+00
9.999917149543762207e-01 2.014027461814114802e-17 8.280001566163264215e-06
1.331465173279866576e-04 8.007201672544095317e-12 9.998668432235717773e-01
7.996973297038518004e-23 1.207336368467398779e-13 1.000000000000000000e+00
7.295355796813964844e-01 8.834266868387730121e-13 2.704644203186035156e-01
4.925604783507878408e-17 4.230648221071470205e-13 1.000000000000000000e+00
4.131576002927820080e-23 6.388886273321625620e-13 1.000000000000000000e+00
1.000000000000000000e+00 7.267824058097135650e-20 2.471158611072610256e-09
7.234535814859555103e-08 1.034650143338922135e-11 9.999999403953552246e-01
1.503881224965909445e-25 3.801567554132488647e-14 1.000000000000000000e+00
1.000000000000000000e+00 7.069497554220802486e-19 1.515041958555229940e-08
1.192915544123707150e-09 2.425528354554895571e-11 1.000000000000000000e+00
1.673961854802855525e-24 1.006434112481649490e-13 1.000000000000000000e+00
6.240605188168046880e-08 1.629964774263470417e-10 9.999999403953552246e-01
6.234405346849617236e-20 3.855961556997744566e-12 1.000000000000000000e+00
4.718677843029505906e-23 1.671634185240744586e-11 1.000000000000000000e+00
9.999802708625793457e-01 6.844470906112055247e-17 1.973153121070936322e-05
7.072870135307312012e-01 4.722420439179537965e-14 2.927129566669464111e-01
4.489075103956453833e-25 1.166446767734280465e-13 1.000000000000000000e+00
9.999942779541015625e-01 3.386650515335272022e-18 5.715468432754278183e-06
9.998947381973266602e-01 1.748735412627642951e-15 1.052427396643906832e-04
1.839924753974064363e-25 1.707246913014003747e-14 1.000000000000000000e+00
6.703802943229675293e-02 2.723168912588391777e-13 9.329619407653808594e-01
1.857681326475346673e-12 4.664685995868327051e-14 1.000000000000000000e+00
7.747258983060354106e-25 2.680456768003325330e-14 1.000000000000000000e+00
1.000000000000000000e+00 6.033034689072118219e-20 2.351528527455570838e-09
9.934700131416320801e-01 5.271918833557251438e-14 6.529959850013256073e-03
1.872181646167100858e-25 3.800284468623987832e-14 1.000000000000000000e+00
9.999710917472839355e-01 6.236901584584834089e-16 2.891212716349400580e-05
2.035273791989311576e-05 4.407875973944097581e-12 9.999796748161315918e-01
7.691981773798287638e-26 2.545931164726986801e-14 1.000000000000000000e+00
1.445203670300543308e-04 9.819376561859272101e-11 9.998554587364196777e-01
3.322277549382896662e-20 2.458217657208550122e-12 1.000000000000000000e+00
3.628716934439048193e-23 3.834260599994143703e-12 1.000000000000000000e+00
2.384535680022281667e-09 3.438369313118853909e-14 1.000000000000000000e+00
4.668735176653927640e-18 2.239037406003008268e-14 1.000000000000000000e+00
9.596078760038367582e-26 2.260061610786807257e-14 1.000000000000000000e+00
4.423429723829030991e-03 2.057384414200745526e-14 9.955765604972839355e-01
3.107115916713063358e-20 7.344476318348752697e-14 1.000000000000000000e+00
7.288291450015167905e-26 7.089550572037667253e-15 1.000000000000000000e+00
3.789569291257066652e-06 5.836136966492350142e-14 9.999961853027343750e-01
4.491488982947596252e-18 1.029841291996617947e-13 1.000000000000000000e+00
7.100131217844681572e-23 2.815436143770166932e-13 1.000000000000000000e+00
9.999996423721313477e-01 2.633065557748370903e-19 3.409001294585323194e-07
3.529548344132632520e-14 3.257943502650573198e-13 1.000000000000000000e+00
3.263186440534359319e-24 3.491589748447557207e-14 1.000000000000000000e+00
9.996432065963745117e-01 6.215692408981178443e-16 3.568066458683460951e-04
1.167472707671931369e-17 3.789667689900466652e-13 1.000000000000000000e+00
3.831398562526268831e-25 3.508312211705430506e-14 1.000000000000000000e+00
2.476032947128377869e-16 1.330834639538813757e-12 1.000000000000000000e+00
4.609460429354891328e-22 2.695335816517430150e-13 1.000000000000000000e+00
2.037953955715304350e-19 1.793945721140222105e-11 1.000000000000000000e+00
9.999935030937194824e-01 6.882049225031971763e-18 6.522504008898977190e-06
1.862484216690063477e-02 3.657913476783590523e-14 9.813751578330993652e-01
1.831961696173924012e-25 2.841909209859699165e-14 1.000000000000000000e+00
9.998903274536132812e-01 1.296171092201096775e-17 1.096819541999138892e-04
4.890988930128514767e-04 3.591807298634897005e-14 9.995108842849731445e-01
1.252873450274119258e-25 9.900104146849317277e-15 1.000000000000000000e+00
4.051464498043060303e-01 8.041977457226567871e-14 5.948535203933715820e-01
2.960687793020222447e-13 6.693487452670565663e-14 1.000000000000000000e+00
1.163528789782017632e-25 2.762717727928642314e-14 1.000000000000000000e+00
1.000000000000000000e+00 3.758205286490036810e-20 6.408071850927399282e-09
9.930521845817565918e-01 3.018282475895136402e-15 6.947824265807867050e-03
8.583644813516405768e-26 2.292042864369698424e-14 1.000000000000000000e+00
9.999971389770507812e-01 9.458567113443780872e-18 2.853677642633556388e-06
4.347346038713340022e-09 9.562153586301080921e-14 1.000000000000000000e+00
1.141896118488316680e-23 8.407804888508479957e-14 1.000000000000000000e+00
5.826989379897895560e-08 1.844948846474459003e-11 9.999999403953552246e-01
8.430372771547570812e-20 4.602382927890169562e-13 1.000000000000000000e+00
1.412697000007400311e-23 4.540972632638418105e-12 1.000000000000000000e+00
