9.015463590621948242e-01 3.926755744032561779e-04 9.806096553802490234e-02
1.623153686523437500e-01 6.993486545979976654e-03 8.306911587715148926e-01
2.869234413083177060e-05 1.357764471322298050e-03 9.986135363578796387e-01
2.844345271587371826e-01 1.044242962962016463e-04 7.154610753059387207e-01
6.576198618859052658e-03 1.883194968104362488e-02 9.745918512344360352e-01
1.665011836848862004e-06 3.356746674398891628e-05 9.999647736549377441e-01
4.930290207266807556e-02 7.588943117298185825e-05 9.506211876869201660e-01
7.763711037114262581e-04 7.229748298414051533e-04 9.985006451606750488e-01
3.484121407382190228e-05 2.322598156752064824e-04 9.997329115867614746e-01
9.934213161468505859e-01 1.521658077763277106e-06 6.577162537723779678e-03
1.125159189105033875e-01 3.689859760925173759e-03 8.837942481040954590e-01
6.777689577575074509e-06 1.074362880899570882e-04 9.998857975006103516e-01
2.390503436326980591e-01 2.487578603904694319e-05 7.609247565269470215e-01
1.827359199523925781e-03 1.560978591442108154e-03 9.966116547584533691e-01
1.672151711318292655e-06 5.372312443796545267e-05 9.999446272850036621e-01
8.439521789550781250e-01 5.968099576421082020e-04 1.554510295391082764e-01
9.335764480056241155e-05 9.834217780735343695e-05 9.998083114624023438e-01
1.548041495880170260e-06 6.807969475630670786e-05 9.999303817749023438e-01
1.087379008531570435e-01 9.661779622547328472e-04 8.902959227561950684e-01
6.573738455772399902e-01 1.192124560475349426e-03 3.414340615272521973e-01
5.670444352290360257e-06 6.873944657854735851e-04 9.993069171905517578e-01
2.287276089191436768e-02 8.645359048387035728e-05 9.770407676696777344e-01
7.424603104591369629e-01 1.466574845835566521e-03 2.560730874538421631e-01
4.097958417048630508e-09 1.381100446451455355e-05 9.999861717224121094e-01
3.834179951809346676e-04 3.068635851377621293e-05 9.995858669281005859e-01
1.601116731762886047e-02 1.918208436109125614e-04 9.837970137596130371e-01
1.690000033249816624e-07 1.662001741351559758e-04 9.998336434364318848e-01
7.617242336273193359e-01 2.997063893417362124e-05 2.382457852363586426e-01
2.842034101486206055e-01 3.394818631932139397e-04 7.154571413993835449e-01
1.134270544156379401e-08 3.780851329793222249e-06 9.999961853027343750e-01
3.056387603282928467e-02 3.551986083039082587e-05 9.694005846977233887e-01
1.582322716712951660e-01 1.501515507698059082e-03 8.402662277221679688e-01
5.358863219839804515e-08 3.058926085941493511e-04 9.996940493583679199e-01
2.676831558346748352e-02 3.161396598443388939e-03 9.700703024864196777e-01
5.742391222156584263e-04 7.627544255228713155e-05 9.993494749069213867e-01
9.821354751693434082e-08 2.083724575641099364e-05 9.999790787696838379e-01
7.038937211036682129e-01 1.359766582027077675e-03 2.947464883327484131e-01
5.761748552322387695e-02 9.707642020657658577e-04 9.414117336273193359e-01
6.076252248021773994e-07 5.430009914562106133e-04 9.994564056396484375e-01
8.928775787353515625e-02 3.290317836217582226e-04 9.103832244873046875e-01
1.428863871842622757e-02 1.251968438737094402e-03 9.844594001770019531e-01
1.042005442286608741e-05 2.512608189135789871e-04 9.997383356094360352e-01
1.507736928761005402e-02 6.683794345008209348e-05 9.848557710647583008e-01
9.990179678425192833e-04 1.481542567489668727e-04 9.988528490066528320e-01
3.308280429337173700e-05 2.759526832960546017e-04 9.996909499168395996e-01
7.274820208549499512e-01 3.358522735652513802e-05 2.724843919277191162e-01
4.975758492946624756e-03 1.016936221276409924e-04 9.949225187301635742e-01
8.562122388866555411e-07 4.923608139506541193e-05 9.999499320983886719e-01
4.585136771202087402e-01 6.984113861108198762e-05 5.414164662361145020e-01
5.980726331472396851e-03 5.227036890573799610e-04 9.934965968132019043e-01
7.850104566387017258e-07 1.191304454550845549e-05 9.999873042106628418e-01
2.564449608325958252e-01 9.267736226320266724e-03 7.342873215675354004e-01
2.180468436563387513e-04 7.494309102185070515e-05 9.997069835662841797e-01
4.294070095056667924e-06 5.287632811814546585e-04 9.994669556617736816e-01
8.253867030143737793e-01 2.017438528127968311e-04 1.744115352630615234e-01
7.360211610794067383e-01 1.345716445939615369e-04 2.638442814350128174e-01
2.466783735144417733e-05 3.340156516060233116e-03 9.966351985931396484e-01
1.261374056339263916e-01 7.133089820854365826e-05 8.737912774085998535e-01
5.685524940490722656e-01 4.290093493182212114e-04 4.310185313224792480e-01
1.739505961495524389e-07 2.210860111517831683e-05 9.999777078628540039e-01
1.043213717639446259e-02 3.536003714543767273e-05 9.895325303077697754e-01
6.291015539318323135e-03 6.088930240366607904e-05 9.936481118202209473e-01
4.329426246840739623e-06 9.943408076651394367e-05 9.998962283134460449e-01
9.057830572128295898e-01 4.199776867608306929e-06 9.421274065971374512e-02
4.136304855346679688e-01 5.287137901177629828e-05 5.863166451454162598e-01
2.048301894319592975e-06 1.783134503057226539e-04 9.998196363449096680e-01
1.166116222739219666e-01 2.405387022008653730e-05 8.833643198013305664e-01
5.701292678713798523e-02 2.260360633954405785e-04 9.427610635757446289e-01
1.723795683972184634e-08 2.292466342623811215e-05 9.999770522117614746e-01
2.911332845687866211e-01 1.647129887714982033e-03 7.072196006774902344e-01
4.785817291121929884e-04 3.360262417118065059e-05 9.994878172874450684e-01
3.172331780660897493e-04 8.832747698761522770e-04 9.987995028495788574e-01
1.414592470973730087e-02 1.797985169105231762e-04 9.856742620468139648e-01
8.344423025846481323e-03 6.338749662972986698e-04 9.910216927528381348e-01
1.901882910715357866e-06 5.114339728606864810e-05 9.999469518661499023e-01
2.657505916431546211e-03 2.322985346836503595e-05 9.973192811012268066e-01
2.344027161598205566e-03 2.089759567752480507e-03 9.955661892890930176e-01
5.510145228981855325e-07 1.274930582439992577e-05 9.999867081642150879e-01
4.311922471970319748e-03 1.111807523557217792e-05 9.956769347190856934e-01
4.353021737188100815e-03 4.734411777462810278e-04 9.951735138893127441e-01
7.930125866550952196e-05 1.015015877783298492e-04 9.998192191123962402e-01
3.083313703536987305e-01 2.012289587582927197e-05 6.916484832763671875e-01
7.083998993039131165e-03 2.648811787366867065e-04 9.926511049270629883e-01
6.047771239536814392e-05 2.703662903513759375e-05 9.999125003814697266e-01
1.931694149971008301e-02 7.694864507357124239e-06 9.806753396987915039e-01
2.723998157307505608e-03 3.712377219926565886e-04 9.969047904014587402e-01
4.327857823227532208e-07 2.640977299961377867e-06 9.999969005584716797e-01
7.778641767799854279e-03 1.252016518265008926e-04 9.920961856842041016e-01
5.998805136187002063e-05 2.414508162473794073e-05 9.999158382415771484e-01
1.678765052929520607e-03 4.444222431629896164e-04 9.978768229484558105e-01
6.937693953514099121e-01 1.847998937591910362e-04 3.060458004474639893e-01
3.177314996719360352e-02 5.430085002444684505e-05 9.681725502014160156e-01
1.105088722397340462e-05 7.437095046043395996e-04 9.992452263832092285e-01
2.359837293624877930e-02 2.367580236750654876e-05 9.763779640197753906e-01
2.710420405492186546e-03 3.367441604495979846e-05 9.972559213638305664e-01
1.003664806376036722e-06 1.754905242705717683e-04 9.998235106468200684e-01
3.677350236102938652e-03 6.721210866089677438e-06 9.963159561157226562e-01
1.653628714848309755e-04 2.885580443034996279e-06 9.998317360877990723e-01
6.965165084693580866e-07 5.151360528543591499e-05 9.999477863311767578e-01
6.148579716682434082e-01 5.978097306069685146e-06 3.851360380649566650e-01
4.460595082491636276e-03 4.323379926063353196e-06 9.955350756645202637e-01
1.724782521250745049e-07 2.033651617239229381e-05 9.999794960021972656e-01
5.316454172134399414e-02 5.943984433542937040e-06 9.468294978141784668e-01
6.062512984499335289e-04 4.848273420066107064e-06 9.993888735771179199e-01
6.666188255621818826e-06 7.013378490228205919e-05 9.999232292175292969e-01
5.813033878803253174e-02 4.041815409436821938e-04 9.414654970169067383e-01
9.092428081203252077e-05 6.944965662114555016e-06 9.999021291732788086e-01
1.530323402221256401e-06 2.098771656164899468e-04 9.997885823249816895e-01
8.478232622146606445e-01 3.256359777878969908e-04 1.518511027097702026e-01
9.718931280076503754e-03 2.124870661646127701e-03 9.881561994552612305e-01
2.869234413083177060e-05 1.357764471322298050e-03 9.986135363578796387e-01
6.551031470298767090e-01 8.577619882998988032e-05 3.448110520839691162e-01
5.429569864645600319e-04 6.138089578598737717e-03 9.933189749717712402e-01
1.665011836848862004e-06 3.356746674398891628e-05 9.999647736549377441e-01
3.184660896658897400e-02 3.408138582017272711e-05 9.681193232536315918e-01
4.025809539598412812e-05 8.008599979802966118e-05 9.998796582221984863e-01
3.484121407382190228e-05 2.322598156752064824e-04 9.997329115867614746e-01
9.919940829277038574e-01 3.868095973302843049e-06 8.002027869224548340e-03
6.464800797402858734e-03 2.182102296501398087e-03 9.913530945777893066e-01
6.777689577575074509e-06 1.074362880899570882e-04 9.998857975006103516e-01
4.352878034114837646e-01 1.647964199946727604e-05 5.646957159042358398e-01
1.461345236748456955e-04 4.609424213413149118e-04 9.993929266929626465e-01
1.672151711318292655e-06 5.372312443796545267e-05 9.999446272850036621e-01
3.835636377334594727e-01 3.908624057658016682e-04 6.160454750061035156e-01
1.275785962207010016e-05 3.074088454013690352e-05 9.999564886093139648e-01
1.548041495880170260e-06 6.807969475630670786e-05 9.999303817749023438e-01
5.035021901130676270e-02 8.119729463942348957e-04 9.488378167152404785e-01
8.261870592832565308e-02 1.416353741660714149e-03 9.159649610519409180e-01
5.670444352290360257e-06 6.873944657854735851e-04 9.993069171905517578e-01
3.667880222201347351e-02 1.273142261197790504e-04 9.631938934326171875e-01
2.553370893001556396e-01 2.700532786548137665e-03 7.419623732566833496e-01
4.097958417048630508e-09 1.381100446451455355e-05 9.999861717224121094e-01
4.092012241017073393e-04 2.237620356027036905e-05 9.995684027671813965e-01
1.025949604809284210e-03 5.146908733877353370e-05 9.989225864410400391e-01
1.690000033249816624e-07 1.662001741351559758e-04 9.998336434364318848e-01
6.669005155563354492e-01 5.714919461752288043e-05 3.330423533916473389e-01
4.262590780854225159e-02 3.021411830559372902e-04 9.570719599723815918e-01
1.134270544156379401e-08 3.780851329793222249e-06 9.999961853027343750e-01
3.575956448912620544e-02 2.380992555117700249e-05 9.642166495323181152e-01
1.652436517179012299e-02 3.829448251053690910e-04 9.830926656723022461e-01
5.358863219839804515e-08 3.058926085941493511e-04 9.996940493583679199e-01
4.074619151651859283e-03 8.130374480970203876e-04 9.951123595237731934e-01
1.261947763850912452e-04 2.827146454364992678e-05 9.998455047607421875e-01
9.821354751693434082e-08 2.083724575641099364e-05 9.999790787696838379e-01
5.427788496017456055e-01 1.079856883734464645e-03 4.561412930488586426e-01
3.033368848264217377e-02 7.083174423314630985e-04 9.689580202102661133e-01
6.076252248021773994e-07 5.430009914562106133e-04 9.994564056396484375e-01
1.127332150936126709e-01 1.512792077846825123e-04 8.871154785156250000e-01
6.666884291917085648e-03 5.148001364432275295e-04 9.928182959556579590e-01
1.042005442286608741e-05 2.512608189135789871e-04 9.997383356094360352e-01
8.669069968163967133e-03 3.448380084591917694e-05 9.912964701652526855e-01
2.126409381162375212e-04 4.062939478899352252e-05 9.997467398643493652e-01
3.308280429337173700e-05 2.759526832960546017e-04 9.996909499168395996e-01
8.269980549812316895e-01 3.114624269073829055e-05 1.729708313941955566e-01
2.931676805019378662e-03 9.949570085154846311e-05 9.969688057899475098e-01
8.562122388866555411e-07 4.923608139506541193e-05 9.999499320983886719e-01
5.777961015701293945e-01 3.430973083595745265e-05 4.221695959568023682e-01
2.325205365195870399e-03 1.900095230666920543e-04 9.974848031997680664e-01
7.850104566387017258e-07 1.191304454550845549e-05 9.999873042106628418e-01
6.601502746343612671e-02 2.448554150760173798e-03 9.315364360809326172e-01
9.985917859012261033e-05 3.701144669321365654e-05 9.998631477355957031e-01
4.294070095056667924e-06 5.287632811814546585e-04 9.994669556617736816e-01
5.233250856399536133e-01 3.013989771716296673e-04 4.763735234737396240e-01
1.315599977970123291e-01 2.273291174788028002e-04 8.682126998901367188e-01
2.466783735144417733e-05 3.340156516060233116e-03 9.966351985931396484e-01
2.203152030706405640e-01 9.121979383053258061e-05 7.795935869216918945e-01
1.974637508392333984e-01 4.993930342607200146e-04 8.020368814468383789e-01
1.739505961495524389e-07 2.210860111517831683e-05 9.999777078628540039e-01
8.676701225340366364e-03 2.105525709339417517e-05 9.913022518157958984e-01
5.983954179100692272e-04 1.496684853918850422e-05 9.993866086006164551e-01
4.329426246840739623e-06 9.943408076651394367e-05 9.998962283134460449e-01
8.792813420295715332e-01 1.190328475786373019e-05 1.207067519426345825e-01
4.294732213020324707e-02 6.795045192120596766e-05 9.569847583770751953e-01
2.048301894319592975e-06 1.783134503057226539e-04 9.998196363449096680e-01
1.610554307699203491e-01 1.613258791621774435e-05 8.389284610748291016e-01
8.597858250141143799e-03 5.326963946572504938e-05 9.913488626480102539e-01
1.723795683972184634e-08 2.292466342623811215e-05 9.999770522117614746e-01
4.427996277809143066e-02 5.650948151014745235e-04 9.551549553871154785e-01
8.036136568989604712e-05 1.114314636652125046e-05 9.999085068702697754e-01
3.172331780660897493e-04 8.832747698761522770e-04 9.987995028495788574e-01
9.849284775555133820e-03 1.057354311342351139e-04 9.900449514389038086e-01
1.317721791565418243e-03 2.024010027525946498e-04 9.984799027442932129e-01
1.901882910715357866e-06 5.114339728606864810e-05 9.999469518661499023e-01
9.162883274257183075e-03 3.221747101633809507e-05 9.908049106597900391e-01
4.928904236294329166e-04 5.887247389182448387e-04 9.989184141159057617e-01
5.510145228981855325e-07 1.274930582439992577e-05 9.999867081642150879e-01
3.118573687970638275e-03 6.519977887364802882e-06 9.968749284744262695e-01
7.328036590479314327e-04 9.418040281161665916e-05 9.991730451583862305e-01
7.930125866550952196e-05 1.015015877783298492e-04 9.998192191123962402e-01
4.039680063724517822e-01 1.204069576488109306e-05 5.960199236869812012e-01
1.748585724271833897e-03 7.649302278878167272e-05 9.981749057769775391e-01
6.047771239536814392e-05 2.703662903513759375e-05 9.999125003814697266e-01
6.909873336553573608e-02 7.416866992571158335e-06 9.308938384056091309e-01
4.934045136906206608e-04 8.688243542565032840e-05 9.994196891784667969e-01
4.327861802266852465e-07 2.640972297740518115e-06 9.999969005584716797e-01
2.268188633024692535e-03 4.369284579297527671e-05 9.976881146430969238e-01
3.027993261639494449e-05 1.249627530341967940e-05 9.999572038650512695e-01
1.678762026131153107e-03 4.444222431629896164e-04 9.978768229484558105e-01
5.409492850303649902e-01 2.582336892373859882e-04 4.587925076484680176e-01
1.359526999294757843e-02 5.988933480693958700e-05 9.863448143005371094e-01
1.105091814679326490e-05 7.437088061124086380e-04 9.992452263832092285e-01
9.672573953866958618e-02 4.614367935573682189e-05 9.032281041145324707e-01
2.726712729781866074e-03 2.821315865730866790e-05 9.972450733184814453e-01
1.003664806376036722e-06 1.754906988935545087e-04 9.998235106468200684e-01
3.789149690419435501e-03 6.109462901804363355e-06 9.962047338485717773e-01
4.294058817322365940e-05 1.262966975446033757e-06 9.999557733535766602e-01
6.965165084693580866e-07 5.151360528543591499e-05 9.999477863311767578e-01
8.558061122894287109e-01 6.424276762118097395e-06 1.441874951124191284e-01
6.523683201521635056e-03 7.563227882201317698e-06 9.934687614440917969e-01
1.724782521250745049e-07 2.033653618127573282e-05 9.999794960021972656e-01
1.504367440938949585e-01 8.699668796907644719e-06 8.495545387268066406e-01
4.105157859157770872e-04 3.274588834756286815e-06 9.995862245559692383e-01
6.666181889158906415e-06 7.013378490228205919e-05 9.999232292175292969e-01
1.276139263063669205e-02 1.176651276182383299e-04 9.871209263801574707e-01
1.978054206119850278e-05 2.466325895511545241e-06 9.999777674674987793e-01
1.530320446363475639e-06 2.098767581628635526e-04 9.997885823249816895e-01
