4.663676008931361139e-05 7.967957295477390289e-03 9.919853806495666504e-01
2.156882983399555087e-04 1.435711886733770370e-02 9.854272007942199707e-01
4.876777529716491699e-05 8.764849975705146790e-03 9.911863803863525391e-01
1.925926044350489974e-04 7.531624287366867065e-03 9.922757744789123535e-01
6.017041741870343685e-04 1.703720912337303162e-02 9.823610782623291016e-01
3.996746672783046961e-04 1.168891973793506622e-02 9.879114031791687012e-01
2.357907214900478721e-05 1.003643730655312538e-03 9.989727735519409180e-01
1.994331796595361084e-05 5.958072724752128124e-04 9.993842244148254395e-01
1.244475151906954125e-05 3.730172757059335709e-04 9.996145367622375488e-01
3.323550481582060456e-05 8.098038379102945328e-04 9.991569519042968750e-01
1.248367625521495938e-04 3.200917970389127731e-03 9.966742396354675293e-01
4.380460813990794122e-05 5.197704304009675980e-04 9.994364380836486816e-01
1.486270684836199507e-05 2.749854233115911484e-03 9.972352981567382812e-01
5.469468305818736553e-05 6.984757259488105774e-03 9.929605722427368164e-01
3.060298695345409214e-05 5.037622991949319839e-03 9.949317574501037598e-01
2.358244273636955768e-06 1.093794344342313707e-04 9.998882412910461426e-01
7.011941306700464338e-06 1.540830417070537806e-04 9.998388886451721191e-01
4.137560608796775341e-05 6.133933202363550663e-04 9.993452429771423340e-01
1.384274355586967431e-06 1.237649237737059593e-03 9.987609386444091797e-01
1.384274355586967431e-06 1.237649237737059593e-03 9.987609386444091797e-01
1.032262048283882905e-06 8.796296315267682076e-04 9.991193413734436035e-01
3.129874676233157516e-05 1.229883730411529541e-02 9.876698851585388184e-01
3.129874676233157516e-05 1.229883730411529541e-02 9.876698851585388184e-01
4.521828304859809577e-05 2.530260942876338959e-02 9.746521711349487305e-01
1.548193495182204060e-06 3.112592385150492191e-04 9.996871948242187500e-01
1.548193495182204060e-06 3.112592385150492191e-04 9.996871948242187500e-01
9.138991572399390861e-07 1.339098234893754125e-04 9.998651742935180664e-01
1.377330704599444289e-06 1.115619437769055367e-03 9.988830089569091797e-01
1.377330704599444289e-06 1.115619437769055367e-03 9.988830089569091797e-01
1.323961328125733417e-06 5.399699439294636250e-04 9.994587302207946777e-01
7.711406624366645701e-07 8.623268222436308861e-04 9.991369247436523438e-01
7.711406624366645701e-07 8.623268222436308861e-04 9.991369247436523438e-01
1.286593033000826836e-06 1.885308767668902874e-03 9.981133937835693359e-01
1.414825732126701041e-07 2.704156795516610146e-04 9.997294545173645020e-01
4.540450504464388359e-07 2.657972218003123999e-04 9.997337460517883301e-01
5.113319048177800141e-07 2.998264972120523453e-04 9.996996521949768066e-01
2.054748165392084047e-06 6.080293096601963043e-03 9.939176440238952637e-01
2.054748165392084047e-06 6.080293096601963043e-03 9.939176440238952637e-01
7.700232913521176670e-07 3.726739203557372093e-03 9.962725043296813965e-01
2.642664640006842092e-06 1.308227772824466228e-03 9.986891150474548340e-01
2.642664640006842092e-06 1.308227772824466228e-03 9.986891150474548340e-01
1.286551082557707559e-06 1.590408966876566410e-03 9.984083175659179688e-01
1.652972514420980588e-06 7.824873318895697594e-04 9.992158412933349609e-01
1.652972514420980588e-06 7.824873318895697594e-04 9.992158412933349609e-01
6.893509407746023498e-07 3.102119662798941135e-04 9.996891021728515625e-01
2.554415004851762205e-06 9.686404955573379993e-04 9.990288019180297852e-01
2.554415004851762205e-06 9.686404955573379993e-04 9.990288019180297852e-01
1.509790877207706217e-06 5.378368659876286983e-04 9.994606375694274902e-01
1.027224334393395111e-05 6.234107073396444321e-03 9.937556385993957520e-01
1.027224334393395111e-05 6.234107073396444321e-03 9.937556385993957520e-01
5.717360636481316760e-06 7.781044114381074905e-03 9.922132492065429688e-01
5.083929295324196573e-07 3.486733767203986645e-04 9.996508359909057617e-01
1.020770014292793348e-06 2.192176325479522347e-04 9.997797608375549316e-01
5.412758810052764602e-07 2.360807557124644518e-04 9.997633695602416992e-01
1.336343484581448138e-05 9.346029721200466156e-03 9.906405806541442871e-01
1.336343484581448138e-05 9.346029721200466156e-03 9.906405806541442871e-01
9.173427315545268357e-06 8.718983270227909088e-03 9.912718534469604492e-01
1.996863575186580420e-04 3.743818774819374084e-02 9.623621106147766113e-01
1.996863575186580420e-04 3.743818774819374084e-02 9.623621106147766113e-01
7.569764420622959733e-05 3.033391572535037994e-02 9.695903658866882324e-01
4.067937879881355911e-06 9.642101358622312546e-04 9.990317225456237793e-01
4.067937879881355911e-06 9.642101358622312546e-04 9.990317225456237793e-01
2.041344259851030074e-06 4.251606587786227465e-04 9.995728135108947754e-01
7.473351161024766043e-06 1.044110627844929695e-03 9.989483952522277832e-01
7.473272944480413571e-06 1.044103060849010944e-03 9.989483952522277832e-01
5.461831733555300161e-06 6.894868565723299980e-04 9.993050694465637207e-01
1.084070208889897913e-05 8.060283958911895752e-03 9.919288754463195801e-01
1.084070208889897913e-05 8.060283958911895752e-03 9.919288754463195801e-01
1.035912464431021363e-05 1.351655647158622742e-02 9.864730834960937500e-01
1.451051844014727976e-06 4.198039241600781679e-04 9.995787739753723145e-01
5.519032583833904937e-06 4.469359701033681631e-04 9.995475411415100098e-01
5.758988208981463686e-06 6.405748426914215088e-04 9.993536472320556641e-01
1.098298162105493248e-04 6.252286024391651154e-03 9.936378598213195801e-01
8.898042869986966252e-05 1.564464345574378967e-02 9.842664003372192383e-01
2.231408143416047096e-04 9.281827136874198914e-03 9.904950261116027832e-01
1.465522218495607376e-04 1.092406106181442738e-03 9.987610578536987305e-01
1.433413417544215918e-04 3.017925657331943512e-03 9.968387484550476074e-01
3.004928585141897202e-04 1.631741994060575962e-03 9.980677366256713867e-01
1.957410859176889062e-04 2.177472459152340889e-03 9.976267814636230469e-01
2.111579669872298837e-04 5.282192490994930267e-03 9.945066571235656738e-01
1.638216781429946423e-04 1.379078021273016930e-03 9.984570741653442383e-01
7.279377314262092113e-05 9.303786209784448147e-04 9.989968538284301758e-01
3.998639294877648354e-05 8.971163188107311726e-04 9.990628957748413086e-01
5.512437564902938902e-05 4.128749133087694645e-04 9.995319843292236328e-01
8.195517693820875138e-06 5.462998524308204651e-04 9.994454979896545410e-01
1.157485985459061339e-05 1.222325721755623817e-03 9.987661242485046387e-01
2.116836731147486717e-05 1.101901638321578503e-03 9.988769292831420898e-01
5.037919436290394515e-06 7.366146019194275141e-05 9.999213218688964844e-01
5.037919436290394515e-06 7.366146019194275141e-05 9.999213218688964844e-01
1.169262759503908455e-05 8.737098687561228871e-05 9.999009370803833008e-01
2.598690480226650834e-05 1.306286267936229706e-02 9.869111776351928711e-01
2.598690480226650834e-05 1.306286267936229706e-02 9.869111776351928711e-01
1.196490575239295140e-05 1.008132100105285645e-02 9.899067282676696777e-01
4.063787346240133047e-04 4.962752386927604675e-02 9.499660730361938477e-01
4.063776286784559488e-04 4.962742328643798828e-02 9.499661922454833984e-01
5.795737524749711156e-05 2.461003512144088745e-02 9.753320217132568359e-01
2.378787394263781607e-05 5.064395256340503693e-03 9.949117898941040039e-01
2.378787394263781607e-05 5.064395256340503693e-03 9.949117898941040039e-01
7.261356586241163313e-06 2.040052320808172226e-03 9.979526996612548828e-01
2.534138548071496189e-05 1.738355029374361038e-03 9.982362985610961914e-01
2.534138548071496189e-05 1.738355029374361038e-03 9.982362985610961914e-01
6.611508524656528607e-06 5.501888226717710495e-04 9.994431734085083008e-01
2.588378993095830083e-05 9.620627388358116150e-03 9.903534650802612305e-01
2.588378993095830083e-05 9.620627388358116150e-03 9.903534650802612305e-01
1.229193821927765384e-05 1.044289302080869675e-02 9.895448088645935059e-01
1.152559548245335463e-06 2.787749108392745256e-04 9.997200965881347656e-01
1.478199828852666542e-05 7.608656305819749832e-04 9.992243647575378418e-01
8.591088771936483681e-06 9.156852611340582371e-04 9.990757107734680176e-01
2.088059090965543874e-06 1.328733051195740700e-03 9.986692070960998535e-01
2.418659460090566427e-05 3.440144937485456467e-03 9.965356588363647461e-01
4.876777529716491699e-05 8.764849975705146790e-03 9.911863803863525391e-01
2.871326387321460061e-06 2.640969585627317429e-03 9.973561763763427734e-01
2.682895865291357040e-05 9.894378483295440674e-03 9.900788068771362305e-01
3.996746672783046961e-04 1.168891973793506622e-02 9.879114031791687012e-01
4.080458893440663815e-06 4.748134233523160219e-04 9.995210766792297363e-01
5.313001565809827298e-06 5.346382968127727509e-04 9.994600415229797363e-01
1.244475151906954125e-05 3.730172757059335709e-04 9.996145367622375488e-01
9.421836693945806473e-06 4.259032197296619415e-03 9.957315325736999512e-01
7.431406993418931961e-05 2.010920085012912750e-02 9.798164963722229004e-01
4.380460813990794122e-05 5.197704304009675980e-04 9.994364380836486816e-01
5.350441369955660775e-06 3.535154974088072777e-03 9.964594841003417969e-01
3.183463923051021993e-05 1.059326715767383575e-02 9.893748760223388672e-01
3.060298695345409214e-05 5.037622991949319839e-03 9.949317574501037598e-01
1.574795419401198160e-06 7.885941304266452789e-04 9.992098212242126465e-01
7.880902558099478483e-06 8.766812388785183430e-04 9.991154670715332031e-01
4.137560608796775341e-05 6.133933202363550663e-04 9.993452429771423340e-01
1.227169832418439910e-06 9.293240145780146122e-04 9.990694522857666016e-01
1.227169832418439910e-06 9.293240145780146122e-04 9.990694522857666016e-01
1.032262048283882905e-06 8.796296315267682076e-04 9.991193413734436035e-01
1.385783252771943808e-05 9.414384141564369202e-03 9.905717372894287109e-01
1.385783252771943808e-05 9.414384141564369202e-03 9.905717372894287109e-01
4.521828304859809577e-05 2.530260942876338959e-02 9.746521711349487305e-01
9.658929229772184044e-07 3.487418580334633589e-04 9.996502995491027832e-01
9.658929229772184044e-07 3.487418580334633589e-04 9.996502995491027832e-01
9.138991572399390861e-07 1.339098234893754125e-04 9.998651742935180664e-01
1.906910711113596335e-06 2.780134323984384537e-03 9.972179532051086426e-01
1.906910711113596335e-06 2.780134323984384537e-03 9.972179532051086426e-01
1.323961328125733417e-06 5.399699439294636250e-04 9.994587302207946777e-01
7.539935040767886676e-07 1.147519215010106564e-03 9.988517165184020996e-01
7.539935040767886676e-07 1.147519215010106564e-03 9.988517165184020996e-01
1.286593033000826836e-06 1.885308767668902874e-03 9.981133937835693359e-01
2.226116606607320136e-07 4.815385036636143923e-04 9.995182156562805176e-01
5.809025083181040827e-07 3.639061178546398878e-04 9.996355175971984863e-01
5.113319048177800141e-07 2.998264972120523453e-04 9.996996521949768066e-01
2.860553195205284283e-06 9.221848100423812866e-03 9.907752871513366699e-01
2.860553195205284283e-06 9.221848100423812866e-03 9.907752871513366699e-01
7.700232913521176670e-07 3.726739203557372093e-03 9.962725043296813965e-01
6.757004939572652802e-06 8.760558441281318665e-03 9.912326931953430176e-01
6.757004939572652802e-06 8.760558441281318665e-03 9.912326931953430176e-01
1.286551082557707559e-06 1.590408966876566410e-03 9.984083175659179688e-01
1.701259520814346615e-06 1.437468104995787144e-03 9.985608458518981934e-01
1.701259520814346615e-06 1.437468104995787144e-03 9.985608458518981934e-01
6.893509407746023498e-07 3.102119662798941135e-04 9.996891021728515625e-01
8.446017091046087444e-06 8.397462777793407440e-03 9.915940761566162109e-01
8.446017091046087444e-06 8.397462777793407440e-03 9.915940761566162109e-01
1.509790877207706217e-06 5.378368659876286983e-04 9.994606375694274902e-01
1.575191708980128169e-05 2.811913937330245972e-02 9.718651175498962402e-01
1.575191708980128169e-05 2.811913937330245972e-02 9.718651175498962402e-01
5.717360636481316760e-06 7.781036663800477982e-03 9.922132492065429688e-01
8.351894393854308873e-07 2.920710481703281403e-03 9.970784783363342285e-01
2.694904878808301874e-06 1.729047507978975773e-03 9.982682466506958008e-01
5.412758810052764602e-07 2.360807557124644518e-04 9.997633695602416992e-01
2.785242486424976960e-06 3.726512193679809570e-03 9.962707161903381348e-01
2.785242486424976960e-06 3.726512193679809570e-03 9.962707161903381348e-01
9.173427315545268357e-06 8.718983270227909088e-03 9.912718534469604492e-01
1.577610055392142385e-05 4.632695019245147705e-02 9.536572694778442383e-01
1.577610055392142385e-05 4.632695019245147705e-02 9.536572694778442383e-01
7.569764420622959733e-05 3.033391572535037994e-02 9.695903658866882324e-01
8.803717150840384420e-07 1.012312248349189758e-03 9.989867806434631348e-01
8.803717150840384420e-07 1.012312248349189758e-03 9.989867806434631348e-01
2.041340394498547539e-06 4.251602513249963522e-04 9.995728135108947754e-01
2.935892098321346566e-06 3.275626106187701225e-03 9.967214465141296387e-01
2.935892098321346566e-06 3.275626106187701225e-03 9.967214465141296387e-01
5.461831733555300161e-06 6.894868565723299980e-04 9.993050694465637207e-01
7.203698714874917641e-06 1.907476596534252167e-02 9.809180498123168945e-01
7.203698714874917641e-06 1.907476596534252167e-02 9.809180498123168945e-01
1.035912464431021363e-05 1.351655647158622742e-02 9.864730834960937500e-01
6.818989959356258623e-07 1.409779419191181660e-03 9.985895156860351562e-01
2.802773224175325595e-06 1.292938832193613052e-03 9.987042546272277832e-01
5.758988208981463686e-06 6.405748426914215088e-04 9.993536472320556641e-01
3.542177728377282619e-05 5.614774301648139954e-03 9.943497776985168457e-01
1.748908471199683845e-05 1.040664874017238617e-02 9.895758628845214844e-01
2.231408143416047096e-04 9.281827136874198914e-03 9.904950261116027832e-01
1.422540390194626525e-05 2.038588281720876694e-03 9.979472160339355469e-01
1.041696395986946300e-05 4.851488396525382996e-03 9.951381087303161621e-01
3.004928585141897202e-04 1.631741994060575962e-03 9.980677366256713867e-01
1.074364045052789152e-04 3.014457877725362778e-03 9.968780875205993652e-01
1.048897174769081175e-04 8.723692968487739563e-03 9.911714196205139160e-01
1.638216781429946423e-04 1.379078021273016930e-03 9.984570741653442383e-01
5.377519482863135636e-05 3.276871982961893082e-03 9.966693520545959473e-01
3.496755743981339037e-05 5.460733082145452499e-03 9.945042729377746582e-01
5.512437564902938902e-05 4.128756991121917963e-04 9.995319843292236328e-01
4.608342351275496185e-06 2.259578788653016090e-03 9.977357983589172363e-01
4.848362550546880811e-06 5.783104337751865387e-03 9.942120313644409180e-01
2.116836731147486717e-05 1.101901638321578503e-03 9.988769292831420898e-01
2.625466549943666905e-06 2.431580214761197567e-04 9.997541904449462891e-01
2.625466549943666905e-06 2.431580214761197567e-04 9.997541904449462891e-01
1.169265033240662888e-05 8.737106691114604473e-05 9.999009370803833008e-01
1.902994767988275271e-06 2.914668759331107140e-03 9.970834255218505859e-01
1.902994767988275271e-06 2.914668759331107140e-03 9.970834255218505859e-01
1.196485027321614325e-05 1.008127816021442413e-02 9.899067282676696777e-01
1.222634637088049203e-05 3.839537873864173889e-02 9.615923762321472168e-01
1.222634637088049203e-05 3.839537873864173889e-02 9.615923762321472168e-01
5.795737160951830447e-05 2.461005374789237976e-02 9.753319621086120605e-01
3.454372063060873188e-06 3.364308970049023628e-03 9.966322183609008789e-01
3.454372063060873188e-06 3.364308970049023628e-03 9.966322183609008789e-01
7.261328846652759239e-06 2.040046500042080879e-03 9.979526996612548828e-01
3.433830897847656161e-06 5.314581096172332764e-03 9.946820139884948730e-01
3.433830897847656161e-06 5.314581096172332764e-03 9.946820139884948730e-01
6.611489425267791376e-06 5.501874838955700397e-04 9.994431734085083008e-01
8.418128345510922372e-06 1.355598960071802139e-02 9.864355921745300293e-01
8.418128345510922372e-06 1.355598960071802139e-02 9.864355921745300293e-01
1.229193821927765384e-05 1.044289302080869675e-02 9.895448088645935059e-01
2.826565435043448815e-07 7.132603204809129238e-04 9.992864727973937988e-01
4.384272415336454287e-06 1.867472426965832710e-03 9.981281161308288574e-01
8.591105142841115594e-06 9.156870073638856411e-04 9.990757107734680176e-01
