2.817510627210140228e-02 3.646797835826873779e-01 6.071451306343078613e-01
3.473579138517379761e-02 2.970342636108398438e-01 6.682299375534057617e-01
2.171815745532512665e-02 3.026048839092254639e-01 6.756769418716430664e-01
6.839497387409210205e-02 3.174186646938323975e-01 6.141863465309143066e-01
8.854468911886215210e-02 2.366875559091567993e-01 6.747677326202392578e-01
3.621008992195129395e-02 2.099187076091766357e-01 7.538712024688720703e-01
2.494958788156509399e-02 1.230672299861907959e-01 8.519831895828247070e-01
1.240377221256494522e-02 6.343636661767959595e-02 9.241598844528198242e-01
9.504949674010276794e-03 4.876383394002914429e-02 9.417312145233154297e-01
9.469986706972122192e-02 2.996678352355957031e-01 6.056323051452636719e-01
8.339421451091766357e-02 2.346780002117156982e-01 6.819278001785278320e-01
6.057370081543922424e-02 1.717326045036315918e-01 7.676936984062194824e-01
1.734737679362297058e-02 2.404306828975677490e-01 7.422219514846801758e-01
2.340677566826343536e-02 2.126447260379791260e-01 7.639485001564025879e-01
1.594901457428932190e-02 2.231248021125793457e-01 7.609261870384216309e-01
1.506843138486146927e-02 1.073901653289794922e-01 8.775414228439331055e-01
8.876858279109001160e-03 6.370368599891662598e-02 9.274194836616516113e-01
2.032373845577239990e-02 1.118527352809906006e-01 8.678235411643981934e-01
7.946575991809368134e-03 2.580548822879791260e-01 7.339985370635986328e-01
7.946575991809368134e-03 2.580548822879791260e-01 7.339985370635986328e-01
6.980116013437509537e-03 2.269003242254257202e-01 7.661195397377014160e-01
2.355362102389335632e-02 4.331592619419097900e-01 5.432870984077453613e-01
2.355362102389335632e-02 4.331592619419097900e-01 5.432870984077453613e-01
1.892761513590812683e-02 3.687084317207336426e-01 6.123639345169067383e-01
3.504292108118534088e-03 6.620714813470840454e-02 9.302885532379150391e-01
3.504290711134672165e-03 6.620708853006362915e-02 9.302886128425598145e-01
1.895606983453035355e-03 3.683059290051460266e-02 9.612737894058227539e-01
2.724808454513549805e-02 3.075082600116729736e-01 6.652436256408691406e-01
2.724808454513549805e-02 3.075082600116729736e-01 6.652436256408691406e-01
2.160274423658847809e-02 2.176394909620285034e-01 7.607577443122863770e-01
5.538987927138805389e-03 2.191747575998306274e-01 7.752862572669982910e-01
5.538987927138805389e-03 2.191747575998306274e-01 7.752862572669982910e-01
5.547571461647748947e-03 2.076303660869598389e-01 7.868220806121826172e-01
2.537506399676203728e-03 8.128345012664794922e-02 9.161790609359741211e-01
3.519346704706549644e-03 8.313428610563278198e-02 9.133463501930236816e-01
3.513999283313751221e-03 7.651805877685546875e-02 9.199679493904113770e-01
9.641856886446475983e-03 2.893167436122894287e-01 7.010414004325866699e-01
9.641856886446475983e-03 2.893167436122894287e-01 7.010414004325866699e-01
6.665606517344713211e-03 2.227708548307418823e-01 7.705635428428649902e-01
9.931139647960662842e-03 2.320381253957748413e-01 7.580307126045227051e-01
9.931139647960662842e-03 2.320381253957748413e-01 7.580307126045227051e-01
4.848092328757047653e-03 1.447086185216903687e-01 8.504433035850524902e-01
1.947624492458999157e-03 4.770195111632347107e-02 9.503504037857055664e-01
1.947624492458999157e-03 4.770195111632347107e-02 9.503504037857055664e-01
7.567115826532244682e-04 2.174582518637180328e-02 9.774974584579467773e-01
1.636286266148090363e-02 2.382564693689346313e-01 7.453806996345520020e-01
1.636286266148090363e-02 2.382564693689346313e-01 7.453806996345520020e-01
9.339650161564350128e-03 1.410686224699020386e-01 8.495917320251464844e-01
1.242821104824542999e-02 3.625025749206542969e-01 6.250692009925842285e-01
1.242821104824542999e-02 3.625025749206542969e-01 6.250692009925842285e-01
9.730295278131961823e-03 3.008892536163330078e-01 6.893804669380187988e-01
2.226205077022314072e-03 7.321529090404510498e-02 9.245585203170776367e-01
4.143779166042804718e-03 9.653719514608383179e-02 8.993190526962280273e-01
2.881414256989955902e-03 7.138254493474960327e-02 9.257360100746154785e-01
1.236939709633588791e-02 2.951425909996032715e-01 6.924880146980285645e-01
1.236939709633588791e-02 2.951425909996032715e-01 6.924880146980285645e-01
8.518804796040058136e-03 2.257317304611206055e-01 7.657494544982910156e-01
2.961712516844272614e-02 3.920861780643463135e-01 5.782967209815979004e-01
2.961712516844272614e-02 3.920861780643463135e-01 5.782967209815979004e-01
1.573331281542778015e-02 2.691558003425598145e-01 7.151108980178833008e-01
3.008730476722121239e-03 4.711435735225677490e-02 9.498769044876098633e-01
3.008730476722121239e-03 4.711435735225677490e-02 9.498769044876098633e-01
1.114119193516671658e-03 2.068223059177398682e-02 9.782036542892456055e-01
2.336490154266357422e-02 2.348663806915283203e-01 7.417687177658081055e-01
2.336491271853446960e-02 2.348664104938507080e-01 7.417686581611633301e-01
1.352949906140565872e-02 1.409989148378372192e-01 8.454715609550476074e-01
1.182465068995952606e-02 2.835612595081329346e-01 7.046141028404235840e-01
1.182465068995952606e-02 2.835612595081329346e-01 7.046141028404235840e-01
9.095181711018085480e-03 2.371473014354705811e-01 7.537575364112854004e-01
6.113560870289802551e-03 1.225174739956855774e-01 8.713689446449279785e-01
1.046922057867050171e-02 1.468104422092437744e-01 8.427203297615051270e-01
8.240208961069583893e-03 1.165857017040252686e-01 8.751741051673889160e-01
4.111939668655395508e-02 3.155562877655029297e-01 6.433243155479431152e-01
3.684837371110916138e-02 3.289809226989746094e-01 6.341707110404968262e-01
3.627109155058860779e-02 2.734764814376831055e-01 6.902524232864379883e-01
6.520555168390274048e-02 2.292215377092361450e-01 7.055729031562805176e-01
5.507118254899978638e-02 2.061962485313415527e-01 7.387325763702392578e-01
4.883077368140220642e-02 1.685074418783187866e-01 7.826617956161499023e-01
6.665390729904174805e-02 1.997933536767959595e-01 7.335527539253234863e-01
4.605061933398246765e-02 1.560157090425491333e-01 7.979336380958557129e-01
4.301777482032775879e-02 1.220814734697341919e-01 8.349007368087768555e-01
9.149645268917083740e-02 2.361788600683212280e-01 6.723246574401855469e-01
6.991071254014968872e-02 1.905396282672882080e-01 7.395496368408203125e-01
7.354050874710083008e-02 1.628022342920303345e-01 7.636572718620300293e-01
2.629248052835464478e-02 2.037414610385894775e-01 7.699660658836364746e-01
2.554232999682426453e-02 2.305641621351242065e-01 7.438935041427612305e-01
2.610321715474128723e-02 1.899782866239547729e-01 7.839184999465942383e-01
1.202639937400817871e-02 5.907245352864265442e-02 9.289011359214782715e-01
1.202639937400817871e-02 5.907245352864265442e-02 9.289011359214782715e-01
1.358915586024522781e-02 5.783978849649429321e-02 9.285710453987121582e-01
2.679452113807201385e-02 5.267279744148254395e-01 4.464775323867797852e-01
2.679452113807201385e-02 5.267279744148254395e-01 4.464775323867797852e-01
1.670111902058124542e-02 4.023359715938568115e-01 5.809628963470458984e-01
6.142798066139221191e-02 5.589428544044494629e-01 3.796291351318359375e-01
6.142798066139221191e-02 5.589428544044494629e-01 3.796291351318359375e-01
2.445958182215690613e-02 3.553071916103363037e-01 6.202332377433776855e-01
1.937052980065345764e-02 1.955572962760925293e-01 7.850722074508666992e-01
1.937052980065345764e-02 1.955572962760925293e-01 7.850722074508666992e-01
5.471222102642059326e-03 7.158260792493820190e-02 9.229461550712585449e-01
5.912625044584274292e-02 3.865413367748260498e-01 5.543324351310729980e-01
5.912625044584274292e-02 3.865413367748260498e-01 5.543324351310729980e-01
2.817426621913909912e-02 2.002155482769012451e-01 7.716102004051208496e-01
2.140727825462818146e-02 4.447956681251525879e-01 5.337970256805419922e-01
2.140728197991847992e-02 4.447954297065734863e-01 5.337972640991210938e-01
1.335849612951278687e-02 3.312305808067321777e-01 6.554109454154968262e-01
1.142533682286739349e-02 1.735002100467681885e-01 8.150744438171386719e-01
2.417461946606636047e-02 2.566695213317871094e-01 7.191558480262756348e-01
1.606086827814579010e-02 1.848177015781402588e-01 7.991214394569396973e-01
7.520210929214954376e-03 2.683830261230468750e-01 7.240967750549316406e-01
1.489507965743541718e-02 2.641835212707519531e-01 7.209213972091674805e-01
2.171815745532512665e-02 3.026048839092254639e-01 6.756769418716430664e-01
6.503488868474960327e-03 1.099755167961120605e-01 8.835210204124450684e-01
2.516209147870540619e-02 1.587286591529846191e-01 8.161092400550842285e-01
3.621010109782218933e-02 2.099187523126602173e-01 7.538711428642272949e-01
1.429401617497205734e-02 1.371177136898040771e-01 8.485882878303527832e-01
1.000914629548788071e-02 8.365994691848754883e-02 9.063308835029602051e-01
9.504949674010276794e-03 4.876383394002914429e-02 9.417312145233154297e-01
5.410494655370712280e-02 3.620424568653106689e-01 5.838525891304016113e-01
6.106001511216163635e-02 3.016064763069152832e-01 6.373335123062133789e-01
6.057367473840713501e-02 1.717325747013092041e-01 7.676937580108642578e-01
3.808970097452402115e-03 1.607816815376281738e-01 8.354093432426452637e-01
8.867319673299789429e-03 1.801119446754455566e-01 8.110207319259643555e-01
1.594901457428932190e-02 2.231248021125793457e-01 7.609261870384216309e-01
6.614490877836942673e-03 1.366202235221862793e-01 8.567652702331542969e-01
6.618157960474491119e-03 8.557842671871185303e-02 9.078034162521362305e-01
2.032374218106269836e-02 1.118527799844741821e-01 8.678234815597534180e-01
4.494802094995975494e-03 2.778543829917907715e-01 7.176508307456970215e-01
4.494802094995975494e-03 2.778543829917907715e-01 7.176508307456970215e-01
6.980116013437509537e-03 2.269003242254257202e-01 7.661195397377014160e-01
1.262455806136131287e-02 4.687851071357727051e-01 5.185903310775756836e-01
1.262455806136131287e-02 4.687851071357727051e-01 5.185903310775756836e-01
1.892761513590812683e-02 3.687084317207336426e-01 6.123639345169067383e-01
3.548666834831237793e-03 1.047775670886039734e-01 8.916737437248229980e-01
3.548666834831237793e-03 1.047775670886039734e-01 8.916737437248229980e-01
1.895606983453035355e-03 3.683059290051460266e-02 9.612737894058227539e-01
2.420405298471450806e-02 4.509530365467071533e-01 5.248429179191589355e-01
2.420405298471450806e-02 4.509530365467071533e-01 5.248429179191589355e-01
2.160275168716907501e-02 2.176394760608673096e-01 7.607578039169311523e-01
3.175566904246807098e-03 2.492597699165344238e-01 7.475646734237670898e-01
3.175566904246807098e-03 2.492597699165344238e-01 7.475646734237670898e-01
5.547571461647748947e-03 2.076304107904434204e-01 7.868220210075378418e-01
2.290476579219102859e-03 1.489199101924896240e-01 8.487896323204040527e-01
3.195623867213726044e-03 1.321897506713867188e-01 8.646146059036254883e-01
3.514000680297613144e-03 7.651811838150024414e-02 9.199678897857666016e-01
7.429384626448154449e-03 3.723985850811004639e-01 6.201720237731933594e-01
7.429384626448154449e-03 3.723985850811004639e-01 6.201720237731933594e-01
6.665609311312437057e-03 2.227708846330642700e-01 7.705634832382202148e-01
8.257460780441761017e-03 3.287571370601654053e-01 6.629853844642639160e-01
8.257460780441761017e-03 3.287571370601654053e-01 6.629853844642639160e-01
4.848092328757047653e-03 1.447086185216903687e-01 8.504433035850524902e-01
2.601884538307785988e-03 9.043256193399429321e-02 9.069655537605285645e-01
2.601884538307785988e-03 9.043256193399429321e-02 9.069655537605285645e-01
7.567115826532244682e-04 2.174582518637180328e-02 9.774974584579467773e-01
1.847533322870731354e-02 3.960078060626983643e-01 5.855168700218200684e-01
1.847533136606216431e-02 3.960079848766326904e-01 5.855166912078857422e-01
9.339650161564350128e-03 1.410686224699020386e-01 8.495917320251464844e-01
1.011020131409168243e-02 4.831382334232330322e-01 5.067515373229980469e-01
1.011020131409168243e-02 4.831382334232330322e-01 5.067515373229980469e-01
9.730296209454536438e-03 3.008891940116882324e-01 6.893805265426635742e-01
2.728188643231987953e-03 1.527753919363021851e-01 8.444964289665222168e-01
4.958738107234239578e-03 1.763112396001815796e-01 8.187300562858581543e-01
2.881414256989955902e-03 7.138254493474960327e-02 9.257360100746154785e-01
6.482449825853109360e-03 3.032958209514617920e-01 6.902217268943786621e-01
6.482450757175683975e-03 3.032957315444946289e-01 6.902218461036682129e-01
8.518801070749759674e-03 2.257316559553146362e-01 7.657495141029357910e-01
1.394472550600767136e-02 3.986403048038482666e-01 5.874149799346923828e-01
1.394472736865282059e-02 3.986404836177825928e-01 5.874148011207580566e-01
1.573331281542778015e-02 2.691558003425598145e-01 7.151108980178833008e-01
2.591659780591726303e-03 6.645049899816513062e-02 9.309578537940979004e-01
2.591659780591726303e-03 6.645049899816513062e-02 9.309578537940979004e-01
1.114119193516671658e-03 2.068223059177398682e-02 9.782036542892456055e-01
1.919664256274700165e-02 3.309383988380432129e-01 6.498649716377258301e-01
1.919664256274700165e-02 3.309383988380432129e-01 6.498649716377258301e-01
1.352949906140565872e-02 1.409989148378372192e-01 8.454715609550476074e-01
6.481361575424671173e-03 3.120544552803039551e-01 6.814641952514648438e-01
6.481361575424671173e-03 3.120544552803039551e-01 6.814641952514648438e-01
9.095185436308383942e-03 2.371473461389541626e-01 7.537574768066406250e-01
4.896238911896944046e-03 2.016516327857971191e-01 7.934521436691284180e-01
8.718019351363182068e-03 2.155202776193618774e-01 7.757617235183715820e-01
8.240212686359882355e-03 1.165857464075088501e-01 8.751740455627441406e-01
2.176238782703876495e-02 3.308886587619781494e-01 6.473489403724670410e-01
1.764645054936408997e-02 3.611639738082885742e-01 6.211895942687988281e-01
3.627108782529830933e-02 2.734763920307159424e-01 6.902524828910827637e-01
2.728054672479629517e-02 2.123600095510482788e-01 7.603594660758972168e-01
1.911954395473003387e-02 2.002343237400054932e-01 7.806461453437805176e-01
4.883077368140220642e-02 1.685074418783187866e-01 7.826617956161499023e-01
6.229418143630027771e-02 2.990526854991912842e-01 6.386531591415405273e-01
4.273208603262901306e-02 2.654052674770355225e-01 6.918626427650451660e-01
4.301777482032775879e-02 1.220814958214759827e-01 8.349007368087768555e-01
7.524245977401733398e-02 3.347404301166534424e-01 5.900171399116516113e-01
5.590254068374633789e-02 3.008870780467987061e-01 6.432104110717773438e-01
7.354049384593963623e-02 1.628022044897079468e-01 7.636573314666748047e-01
1.360972784459590912e-02 2.191088795661926270e-01 7.672814130783081055e-01
1.206402387470006943e-02 2.674759924411773682e-01 7.204599976539611816e-01
2.610327303409576416e-02 1.899783164262771606e-01 7.839184403419494629e-01
9.320250712335109711e-03 9.278874099254608154e-02 8.978909850120544434e-01
9.320250712335109711e-03 9.278874099254608154e-02 8.978909850120544434e-01
1.358916144818067551e-02 5.783986672759056091e-02 9.285709857940673828e-01
1.069024577736854553e-02 4.891400039196014404e-01 5.001697540283203125e-01
1.069024577736854553e-02 4.891400039196014404e-01 5.001697540283203125e-01
1.670115813612937927e-02 4.023361802101135254e-01 5.809626579284667969e-01
1.720773801207542419e-02 4.471388161182403564e-01 5.356534719467163086e-01
1.720773801207542419e-02 4.471388161182403564e-01 5.356534719467163086e-01
2.445955574512481689e-02 3.553067147731781006e-01 6.202337145805358887e-01
1.285583246499300003e-02 2.415927350521087646e-01 7.455514669418334961e-01
1.285583246499300003e-02 2.415927350521087646e-01 7.455514669418334961e-01
5.471209995448589325e-03 7.158248126506805420e-02 9.229463338851928711e-01
3.673459589481353760e-02 4.760111570358276367e-01 4.872542619705200195e-01
3.673459589481353760e-02 4.760111570358276367e-01 4.872542619705200195e-01
2.817425504326820374e-02 2.002156078815460205e-01 7.716101408004760742e-01
8.075041696429252625e-03 4.129166901111602783e-01 5.790082812309265137e-01
8.075041696429252625e-03 4.129166901111602783e-01 5.790082812309265137e-01
1.335847564041614532e-02 3.312303721904754639e-01 6.554111242294311523e-01
6.424034480005502701e-03 2.458937168121337891e-01 7.476822733879089355e-01
1.523585524410009384e-02 3.286150097846984863e-01 6.561491489410400391e-01
1.606087759137153625e-02 1.848176419734954834e-01 7.991214990615844727e-01
