6.463059107773005962e-04 4.991291463375091553e-02 9.494407773017883301e-01
6.463064928539097309e-04 4.991296306252479553e-02 9.494407176971435547e-01
9.288790635764598846e-03 2.407115399837493896e-01 7.499996423721313477e-01
9.288790635764598846e-03 2.407115399837493896e-01 7.499996423721313477e-01
8.516795933246612549e-04 8.945978432893753052e-02 9.096885323524475098e-01
8.516788366250693798e-04 8.945974707603454590e-02 9.096885919570922852e-01
8.232003310695290565e-04 1.073745563626289368e-01 8.918022513389587402e-01
8.232003310695290565e-04 1.073745563626289368e-01 8.918022513389587402e-01
1.202110361191444099e-04 3.222809731960296631e-02 9.676516652107238770e-01
1.202111452585086226e-04 3.222811222076416016e-02 9.676516652107238770e-01
2.420515986159443855e-03 1.828221231698989868e-01 8.147573471069335938e-01
2.420516917482018471e-03 1.828221529722213745e-01 8.147573471069335938e-01
6.524172145873308182e-03 1.900715380907058716e-01 8.034042716026306152e-01
6.524172611534595490e-03 1.900715082883834839e-01 8.034043312072753906e-01
1.242964761331677437e-03 1.347299814224243164e-01 8.640270829200744629e-01
1.242964761331677437e-03 1.347300261259078979e-01 8.640270233154296875e-01
5.869922460988163948e-04 9.020303189754486084e-02 9.092099666595458984e-01
5.869922460988163948e-04 9.020303189754486084e-02 9.092099666595458984e-01
5.850258166901767254e-04 9.748192131519317627e-02 9.019330739974975586e-01
5.850258166901767254e-04 9.748192131519317627e-02 9.019330739974975586e-01
2.824556722771376371e-04 3.516255691647529602e-02 9.645549654960632324e-01
2.824551484081894159e-04 3.516250848770141602e-02 9.645550251007080078e-01
4.594681784510612488e-03 1.818983852863311768e-01 8.135069012641906738e-01
4.594679921865463257e-03 1.818982809782028198e-01 8.135070204734802246e-01
6.848488701507449150e-04 9.681726247072219849e-02 9.024978876113891602e-01
6.848494522273540497e-04 9.681734442710876465e-02 9.024978280067443848e-01
6.990859983488917351e-04 1.099530681967735291e-01 8.893478512763977051e-01
6.990859983488917351e-04 1.099530681967735291e-01 8.893478512763977051e-01
7.444077346008270979e-05 2.671632543206214905e-02 9.732092618942260742e-01
7.444083894370123744e-05 2.671633847057819366e-02 9.732092022895812988e-01
4.683796141762286425e-04 4.684190824627876282e-02 9.526897072792053223e-01
4.683787701651453972e-04 4.684182256460189819e-02 9.526898264884948730e-01
5.457447841763496399e-03 1.877658516168594360e-01 8.067767024040222168e-01
5.457441788166761398e-03 1.877656430006027222e-01 8.067769408226013184e-01
6.905965856276452541e-04 7.448495924472808838e-02 9.248244762420654297e-01
6.905971677042543888e-04 7.448502629995346069e-02 9.248243570327758789e-01
1.401481800712645054e-03 1.430226117372512817e-01 8.555759191513061523e-01
1.401480752974748611e-03 1.430224925279617310e-01 8.555760383605957031e-01
1.577026996528729796e-04 3.447988256812095642e-02 9.653624296188354492e-01
1.577028306201100349e-04 3.447993099689483643e-02 9.653623700141906738e-01
6.463059107773005962e-04 4.991291463375091553e-02 9.494407773017883301e-01
6.463064928539097309e-04 4.991296306252479553e-02 9.494407176971435547e-01
9.288790635764598846e-03 2.407115399837493896e-01 7.499996423721313477e-01
9.288790635764598846e-03 2.407115399837493896e-01 7.499996423721313477e-01
8.516795933246612549e-04 8.945978432893753052e-02 9.096885323524475098e-01
8.516788366250693798e-04 8.945974707603454590e-02 9.096885919570922852e-01
8.232003310695290565e-04 1.073745563626289368e-01 8.918022513389587402e-01
8.232003310695290565e-04 1.073745563626289368e-01 8.918022513389587402e-01
1.202110361191444099e-04 3.222809731960296631e-02 9.676516652107238770e-01
1.202111452585086226e-04 3.222811222076416016e-02 9.676516652107238770e-01
5.868085660040378571e-03 1.402527093887329102e-01 8.538792133331298828e-01
5.868078209459781647e-03 1.402525603771209717e-01 8.538793325424194336e-01
2.079080045223236084e-02 2.226744592189788818e-01 7.565347552299499512e-01
2.079080231487751007e-02 2.226744145154953003e-01 7.565347552299499512e-01
2.036717953160405159e-03 7.351895421743392944e-02 9.244443178176879883e-01
2.036719582974910736e-03 7.351902127265930176e-02 9.244442582130432129e-01
5.954510415904223919e-04 3.547631204128265381e-02 9.639282226562500000e-01
5.954516236670315266e-04 3.547634184360504150e-02 9.639282226562500000e-01
4.153082612901926041e-03 2.031055986881256104e-01 7.927412986755371094e-01
4.153077956289052963e-03 2.031053751707077026e-01 7.927415370941162109e-01
5.539071862585842609e-04 1.649871468544006348e-02 9.829473495483398438e-01
5.539066623896360397e-04 1.649869792163372040e-02 9.829474091529846191e-01
1.300181820988655090e-02 1.411848068237304688e-01 8.458133935928344727e-01
1.300181262195110321e-02 1.411847621202468872e-01 8.458134531974792480e-01
9.313693153671920300e-04 2.941616810858249664e-02 9.696524739265441895e-01
9.313701884821057320e-04 2.941618114709854126e-02 9.696524739265441895e-01
6.352291675284504890e-04 2.558490261435508728e-02 9.737798571586608887e-01
6.352285272441804409e-04 2.558488026261329651e-02 9.737799167633056641e-01
4.356528515927493572e-04 3.382452949881553650e-02 9.657398462295532227e-01
4.356528515927493572e-04 3.382451459765434265e-02 9.657398462295532227e-01
1.023895340040326118e-03 3.127653524279594421e-02 9.676995873451232910e-01
1.023895805701613426e-03 3.127654641866683960e-02 9.676995277404785156e-01
1.533755753189325333e-02 1.791652590036392212e-01 8.054971694946289062e-01
1.533757429569959641e-02 1.791654676198959351e-01 8.054969310760498047e-01
1.195790478959679604e-03 3.810741752386093140e-02 9.606968164443969727e-01
1.195791061036288738e-03 3.810743615031242371e-02 9.606967568397521973e-01
1.865072990767657757e-03 6.226317584514617920e-02 9.358717799186706543e-01
1.865072990767657757e-03 6.226317584514617920e-02 9.358717799186706543e-01
7.998060900717973709e-04 4.973785206675529480e-02 9.494623541831970215e-01
7.998053915798664093e-04 4.973780736327171326e-02 9.494624137878417969e-01
2.420515986159443855e-03 1.828221231698989868e-01 8.147573471069335938e-01
2.420516917482018471e-03 1.828221529722213745e-01 8.147573471069335938e-01
6.524172145873308182e-03 1.900715380907058716e-01 8.034042716026306152e-01
6.524172611534595490e-03 1.900715082883834839e-01 8.034043312072753906e-01
1.242964761331677437e-03 1.347299814224243164e-01 8.640270829200744629e-01
1.242964761331677437e-03 1.347300261259078979e-01 8.640270233154296875e-01
5.869922460988163948e-04 9.020303189754486084e-02 9.092099666595458984e-01
5.869922460988163948e-04 9.020303189754486084e-02 9.092099666595458984e-01
5.850258166901767254e-04 9.748192131519317627e-02 9.019330739974975586e-01
5.850258166901767254e-04 9.748192131519317627e-02 9.019330739974975586e-01
5.868085660040378571e-03 1.402527093887329102e-01 8.538792133331298828e-01
5.868078209459781647e-03 1.402525603771209717e-01 8.538793325424194336e-01
2.079080045223236084e-02 2.226744592189788818e-01 7.565347552299499512e-01
2.079080231487751007e-02 2.226744145154953003e-01 7.565347552299499512e-01
2.036717953160405159e-03 7.351895421743392944e-02 9.244443178176879883e-01
2.036719582974910736e-03 7.351902127265930176e-02 9.244442582130432129e-01
5.954510415904223919e-04 3.547631204128265381e-02 9.639282226562500000e-01
5.954516236670315266e-04 3.547634184360504150e-02 9.639282226562500000e-01
4.153082612901926041e-03 2.031055986881256104e-01 7.927412986755371094e-01
4.153077956289052963e-03 2.031053751707077026e-01 7.927415370941162109e-01
4.373020958155393600e-03 1.480862945318222046e-01 8.475406765937805176e-01
4.373015370219945908e-03 1.480861455202102661e-01 8.475408554077148438e-01
1.946099847555160522e-02 2.701689004898071289e-01 7.103701233863830566e-01
1.946099847555160522e-02 2.701689004898071289e-01 7.103701233863830566e-01
4.071639385074377060e-03 1.612975895404815674e-01 8.346307873725891113e-01
4.071636125445365906e-03 1.612974554300308228e-01 8.346309065818786621e-01
1.646057120524346828e-03 9.213695675134658813e-02 9.062169790267944336e-01
1.646055839955806732e-03 9.213687479496002197e-02 9.062170386314392090e-01
3.573208348825573921e-03 2.223466932773590088e-01 7.740800976753234863e-01
3.573208581656217575e-03 2.223466634750366211e-01 7.740801572799682617e-01
1.839984906837344170e-03 6.494650989770889282e-02 9.332135319709777832e-01
1.839987584389746189e-03 6.494659185409545898e-02 9.332134127616882324e-01
8.539288304746150970e-03 1.270291805267333984e-01 8.644315004348754883e-01
8.539280854165554047e-03 1.270291358232498169e-01 8.644316196441650391e-01
1.018757233396172523e-03 4.080981761217117310e-02 9.581714272499084473e-01
1.018758281134068966e-03 4.080983251333236694e-02 9.581714272499084473e-01
9.633232839405536652e-04 4.429905861616134644e-02 9.547376036643981934e-01
9.633228182792663574e-04 4.429903626441955566e-02 9.547376632690429688e-01
1.418170868419110775e-03 7.873942703008651733e-02 9.198424220085144043e-01
1.418170868419110775e-03 7.873942703008651733e-02 9.198424220085144043e-01
2.824556722771376371e-04 3.516255691647529602e-02 9.645549654960632324e-01
2.824551484081894159e-04 3.516250848770141602e-02 9.645550251007080078e-01
4.594681784510612488e-03 1.818983852863311768e-01 8.135069012641906738e-01
4.594679921865463257e-03 1.818982809782028198e-01 8.135070204734802246e-01
6.848488701507449150e-04 9.681726247072219849e-02 9.024978876113891602e-01
6.848494522273540497e-04 9.681734442710876465e-02 9.024978280067443848e-01
6.990859983488917351e-04 1.099530681967735291e-01 8.893478512763977051e-01
6.990859983488917351e-04 1.099530681967735291e-01 8.893478512763977051e-01
7.444077346008270979e-05 2.671632543206214905e-02 9.732092618942260742e-01
7.444083894370123744e-05 2.671633847057819366e-02 9.732092022895812988e-01
5.539071862585842609e-04 1.649871468544006348e-02 9.829473495483398438e-01
5.539066623896360397e-04 1.649869792163372040e-02 9.829474091529846191e-01
1.300181820988655090e-02 1.411848068237304688e-01 8.458133935928344727e-01
1.300181262195110321e-02 1.411847621202468872e-01 8.458134531974792480e-01
9.313693153671920300e-04 2.941616810858249664e-02 9.696524739265441895e-01
9.313701884821057320e-04 2.941618114709854126e-02 9.696524739265441895e-01
6.352291675284504890e-04 2.558490261435508728e-02 9.737798571586608887e-01
6.352285272441804409e-04 2.558488026261329651e-02 9.737799167633056641e-01
4.356528515927493572e-04 3.382452949881553650e-02 9.657398462295532227e-01
4.356528515927493572e-04 3.382451459765434265e-02 9.657398462295532227e-01
4.373020958155393600e-03 1.480862945318222046e-01 8.475406765937805176e-01
4.373015370219945908e-03 1.480861455202102661e-01 8.475408554077148438e-01
1.946099847555160522e-02 2.701689004898071289e-01 7.103701233863830566e-01
1.946099847555160522e-02 2.701689004898071289e-01 7.103701233863830566e-01
4.071639385074377060e-03 1.612975895404815674e-01 8.346307873725891113e-01
4.071636125445365906e-03 1.612974554300308228e-01 8.346309065818786621e-01
1.646057120524346828e-03 9.213695675134658813e-02 9.062169790267944336e-01
1.646055839955806732e-03 9.213687479496002197e-02 9.062170386314392090e-01
3.573208348825573921e-03 2.223466932773590088e-01 7.740800976753234863e-01
3.573208581656217575e-03 2.223466634750366211e-01 7.740801572799682617e-01
5.590455839410424232e-04 2.770678512752056122e-02 9.717341661453247070e-01
5.590450600720942020e-04 2.770675718784332275e-02 9.717342257499694824e-01
8.336436934769153595e-03 1.541993767023086548e-01 8.374641537666320801e-01
8.336436934769153595e-03 1.541993767023086548e-01 8.374641537666320801e-01
9.978475281968712807e-04 4.790790006518363953e-02 9.510942697525024414e-01
9.978484595194458961e-04 4.790794476866722107e-02 9.510942101478576660e-01
1.487633096985518932e-03 7.122632861137390137e-02 9.272860288619995117e-01
1.487632398493587971e-03 7.122629880905151367e-02 9.272860884666442871e-01
4.716382245533168316e-04 4.406090825796127319e-02 9.554674625396728516e-01
4.716388648375868797e-04 4.406096786260604858e-02 9.554674029350280762e-01
4.683796141762286425e-04 4.684190824627876282e-02 9.526897072792053223e-01
4.683787701651453972e-04 4.684182256460189819e-02 9.526898264884948730e-01
5.457447841763496399e-03 1.877658516168594360e-01 8.067767024040222168e-01
5.457441788166761398e-03 1.877656430006027222e-01 8.067769408226013184e-01
6.905965856276452541e-04 7.448495924472808838e-02 9.248244762420654297e-01
6.905971677042543888e-04 7.448502629995346069e-02 9.248243570327758789e-01
1.401481800712645054e-03 1.430226117372512817e-01 8.555759191513061523e-01
1.401480752974748611e-03 1.430224925279617310e-01 8.555760383605957031e-01
1.577026996528729796e-04 3.447988256812095642e-02 9.653624296188354492e-01
1.577028306201100349e-04 3.447993099689483643e-02 9.653623700141906738e-01
1.023895340040326118e-03 3.127653524279594421e-02 9.676995873451232910e-01
1.023895805701613426e-03 3.127654641866683960e-02 9.676995277404785156e-01
1.533755753189325333e-02 1.791652590036392212e-01 8.054971694946289062e-01
1.533757429569959641e-02 1.791654676198959351e-01 8.054969310760498047e-01
1.195790478959679604e-03 3.810741752386093140e-02 9.606968164443969727e-01
1.195791061036288738e-03 3.810743615031242371e-02 9.606967568397521973e-01
1.865072990767657757e-03 6.226317584514617920e-02 9.358717799186706543e-01
1.865072990767657757e-03 6.226317584514617920e-02 9.358717799186706543e-01
7.998060900717973709e-04 4.973785206675529480e-02 9.494623541831970215e-01
7.998053915798664093e-04 4.973780736327171326e-02 9.494624137878417969e-01
1.839984906837344170e-03 6.494650989770889282e-02 9.332135319709777832e-01
1.839987584389746189e-03 6.494659185409545898e-02 9.332134127616882324e-01
8.539288304746150970e-03 1.270291805267333984e-01 8.644315004348754883e-01
8.539280854165554047e-03 1.270291358232498169e-01 8.644316196441650391e-01
1.018757233396172523e-03 4.080981761217117310e-02 9.581714272499084473e-01
1.018758281134068966e-03 4.080983251333236694e-02 9.581714272499084473e-01
9.633232839405536652e-04 4.429905861616134644e-02 9.547376036643981934e-01
9.633228182792663574e-04 4.429903626441955566e-02 9.547376632690429688e-01
1.418170868419110775e-03 7.873942703008651733e-02 9.198424220085144043e-01
1.418170868419110775e-03 7.873942703008651733e-02 9.198424220085144043e-01
5.590455839410424232e-04 2.770678512752056122e-02 9.717341661453247070e-01
5.590450600720942020e-04 2.770675718784332275e-02 9.717342257499694824e-01
8.336436934769153595e-03 1.541993767023086548e-01 8.374641537666320801e-01
8.336436934769153595e-03 1.541993767023086548e-01 8.374641537666320801e-01
9.978475281968712807e-04 4.790790006518363953e-02 9.510942697525024414e-01
9.978484595194458961e-04 4.790794476866722107e-02 9.510942101478576660e-01
1.487633096985518932e-03 7.122632861137390137e-02 9.272860288619995117e-01
1.487632398493587971e-03 7.122629880905151367e-02 9.272860884666442871e-01
4.716382245533168316e-04 4.406090825796127319e-02 9.554674625396728516e-01
4.716388648375868797e-04 4.406096786260604858e-02 9.554674029350280762e-01
