4.833514103665947914e-04 9.692551940679550171e-02 9.025911092758178711e-01
4.833510320167988539e-04 9.692543745040893555e-02 9.025912284851074219e-01
1.324530923739075661e-03 1.814340054988861084e-01 8.172414302825927734e-01
1.324531389400362968e-03 1.814341247081756592e-01 8.172413706779479980e-01
9.485990740358829498e-04 2.710548043251037598e-01 7.279965877532958984e-01
9.485996561124920845e-04 2.710549831390380859e-01 7.279964089393615723e-01
5.845867097377777100e-03 1.381972730159759521e-01 8.559568524360656738e-01
5.845871753990650177e-03 1.381974071264266968e-01 8.559567332267761230e-01
4.089163150638341904e-03 5.216246843338012695e-01 4.742861390113830566e-01
4.089161287993192673e-03 5.216244459152221680e-01 4.742863774299621582e-01
1.572268665768206120e-03 2.202622294425964355e-01 7.781655192375183105e-01
1.572269480675458908e-03 2.202622592449188232e-01 7.781654596328735352e-01
2.044065156951546669e-03 2.573299109935760498e-01 7.406260371208190918e-01
2.044063061475753784e-03 2.573296129703521729e-01 7.406263351440429688e-01
2.139752963557839394e-03 5.308029055595397949e-01 4.670573472976684570e-01
2.139753894880414009e-03 5.308031439781188965e-01 4.670571088790893555e-01
6.013124249875545502e-03 1.626604497432708740e-01 8.313264250755310059e-01
6.013126112520694733e-03 1.626605242490768433e-01 8.313263654708862305e-01
3.215320408344268799e-03 4.678435623645782471e-01 5.289410948753356934e-01
3.215318545699119568e-03 4.678433239459991455e-01 5.289413332939147949e-01
3.696546773426234722e-04 9.053213894367218018e-02 9.090982079505920410e-01
3.696545027196407318e-04 9.053210169076919556e-02 9.090982675552368164e-01
1.125806244090199471e-03 1.826969832181930542e-01 8.161771893501281738e-01
1.125807058997452259e-03 1.826971173286437988e-01 8.161770701408386230e-01
1.121414708904922009e-03 3.142012357711791992e-01 6.846773624420166016e-01
1.121413893997669220e-03 3.142010271549224854e-01 6.846775412559509277e-01
4.830337595194578171e-03 1.525280326604843140e-01 8.426416516304016113e-01
4.830337595194578171e-03 1.525280028581619263e-01 8.426416516304016113e-01
3.115111729130148888e-03 4.659604132175445557e-01 5.309244990348815918e-01
3.115112660452723503e-03 4.659605324268341064e-01 5.309243798255920410e-01
6.265550036914646626e-04 9.828518331050872803e-02 9.010882377624511719e-01
6.265544216148555279e-04 9.828510135412216187e-02 9.010883569717407227e-01
1.449631177820265293e-03 1.730919480323791504e-01 8.254584074020385742e-01
1.449631177820265293e-03 1.730919480323791504e-01 8.254584074020385742e-01
2.138380194082856178e-03 3.893440663814544678e-01 6.085175275802612305e-01
2.138382056728005409e-03 3.893443942070007324e-01 6.085172295570373535e-01
6.084411870688199997e-03 1.659919321537017822e-01 8.279236555099487305e-01
6.084411870688199997e-03 1.659919768571853638e-01 8.279235959053039551e-01
4.102228675037622452e-03 4.457490444183349609e-01 5.501487255096435547e-01
4.102229606360197067e-03 4.457491636276245117e-01 5.501486063003540039e-01
4.833514103665947914e-04 9.692551940679550171e-02 9.025911092758178711e-01
4.833510320167988539e-04 9.692543745040893555e-02 9.025912284851074219e-01
1.324530923739075661e-03 1.814340054988861084e-01 8.172414302825927734e-01
1.324531389400362968e-03 1.814341247081756592e-01 8.172413706779479980e-01
9.485990740358829498e-04 2.710548043251037598e-01 7.279965877532958984e-01
9.485996561124920845e-04 2.710549831390380859e-01 7.279964089393615723e-01
5.845867097377777100e-03 1.381972730159759521e-01 8.559568524360656738e-01
5.845871753990650177e-03 1.381974071264266968e-01 8.559567332267761230e-01
4.089163150638341904e-03 5.216246843338012695e-01 4.742861390113830566e-01
4.089161287993192673e-03 5.216244459152221680e-01 4.742863774299621582e-01
7.057307753711938858e-03 3.934681415557861328e-01 5.994745492935180664e-01
7.057307753711938858e-03 3.934681415557861328e-01 5.994745492935180664e-01
5.174818914383649826e-03 2.852256000041961670e-01 7.095995545387268066e-01
5.174815189093351364e-03 2.852254211902618408e-01 7.095997333526611328e-01
3.376729320734739304e-03 4.441015124320983887e-01 5.525217652320861816e-01
3.376730019226670265e-03 4.441016614437103271e-01 5.525216460227966309e-01
2.239776588976383209e-02 1.854002028703689575e-01 7.922020554542541504e-01
2.239775657653808594e-02 1.854001283645629883e-01 7.922021150588989258e-01
8.445974439382553101e-03 5.395407080650329590e-01 4.520133435726165771e-01
8.445974439382553101e-03 5.395407080650329590e-01 4.520133435726165771e-01
1.635043532587587833e-03 1.246581375598907471e-01 8.737068176269531250e-01
1.635044813156127930e-03 1.246582716703414917e-01 8.737066984176635742e-01
2.668411470949649811e-03 1.587164849042892456e-01 8.386151194572448730e-01
2.668410539627075195e-03 1.587164252996444702e-01 8.386151790618896484e-01
1.608158927410840988e-03 2.028080821037292480e-01 7.955837845802307129e-01
1.608159625902771950e-03 2.028081268072128296e-01 7.955837249755859375e-01
1.564039662480354309e-02 1.178657263517379761e-01 8.664938807487487793e-01
1.564039103686809540e-02 1.178657114505767822e-01 8.664938807487487793e-01
8.372502401471138000e-03 4.451286792755126953e-01 5.464988350868225098e-01
8.372503332793712616e-03 4.451286196708679199e-01 5.464988946914672852e-01
2.475609071552753448e-03 1.443928927183151245e-01 8.531315326690673828e-01
2.475606044754385948e-03 1.443926841020584106e-01 8.531317114830017090e-01
3.398591186851263046e-03 1.700357049703598022e-01 8.265656828880310059e-01
3.398590954020619392e-03 1.700357496738433838e-01 8.265656828880310059e-01
3.366510383784770966e-03 3.029372692108154297e-01 6.936962008476257324e-01
3.366510383784770966e-03 3.029372692108154297e-01 6.936962008476257324e-01
1.890594698488712311e-02 1.563269495964050293e-01 8.247671127319335938e-01
1.890593580901622772e-02 1.563268601894378662e-01 8.247672319412231445e-01
1.033513061702251434e-02 4.612679183483123779e-01 5.283969640731811523e-01
1.033512968569993973e-02 4.612678587436676025e-01 5.283970236778259277e-01
1.572268665768206120e-03 2.202622294425964355e-01 7.781655192375183105e-01
1.572269480675458908e-03 2.202622592449188232e-01 7.781654596328735352e-01
2.044065156951546669e-03 2.573299109935760498e-01 7.406260371208190918e-01
2.044063061475753784e-03 2.573296129703521729e-01 7.406263351440429688e-01
2.139752963557839394e-03 5.308029055595397949e-01 4.670573472976684570e-01
2.139753894880414009e-03 5.308031439781188965e-01 4.670571088790893555e-01
6.013124249875545502e-03 1.626604497432708740e-01 8.313264250755310059e-01
6.013126112520694733e-03 1.626605242490768433e-01 8.313263654708862305e-01
3.215320408344268799e-03 4.678435623645782471e-01 5.289410948753356934e-01
3.215318545699119568e-03 4.678433239459991455e-01 5.289413332939147949e-01
7.057307753711938858e-03 3.934681415557861328e-01 5.994745492935180664e-01
7.057307753711938858e-03 3.934681415557861328e-01 5.994745492935180664e-01
5.174818914383649826e-03 2.852256000041961670e-01 7.095995545387268066e-01
5.174815189093351364e-03 2.852254211902618408e-01 7.095997333526611328e-01
3.376729320734739304e-03 4.441015124320983887e-01 5.525217652320861816e-01
3.376730019226670265e-03 4.441016614437103271e-01 5.525216460227966309e-01
2.239776588976383209e-02 1.854002028703689575e-01 7.922020554542541504e-01
2.239775657653808594e-02 1.854001283645629883e-01 7.922021150588989258e-01
8.445974439382553101e-03 5.395407080650329590e-01 4.520133435726165771e-01
8.445974439382553101e-03 5.395407080650329590e-01 4.520133435726165771e-01
6.713323295116424561e-03 4.283015131950378418e-01 5.649851560592651367e-01
6.713321432471275330e-03 4.283013939857482910e-01 5.649852752685546875e-01
5.716452375054359436e-03 3.475838005542755127e-01 6.466997265815734863e-01
5.716448184102773666e-03 3.475835919380187988e-01 6.466999650001525879e-01
4.513585940003395081e-03 5.463249683380126953e-01 4.491614401340484619e-01
4.513586405664682388e-03 5.463250279426574707e-01 4.491614103317260742e-01
2.877707593142986298e-02 2.855578362941741943e-01 6.856650710105895996e-01
2.877705544233322144e-02 2.855576574802398682e-01 6.856653094291687012e-01
8.817716501653194427e-03 5.850014686584472656e-01 4.061808288097381592e-01
8.817711845040321350e-03 5.850011706352233887e-01 4.061810970306396484e-01
3.849795088171958923e-03 2.050677984952926636e-01 7.910823822021484375e-01
3.849796717986464500e-03 2.050678580999374390e-01 7.910823225975036621e-01
3.684510244056582451e-03 1.947786509990692139e-01 8.015368580818176270e-01
3.684512805193662643e-03 1.947788000106811523e-01 8.015366792678833008e-01
5.036623217165470123e-03 4.554410576820373535e-01 5.395223498344421387e-01
5.036625545471906662e-03 4.554412961006164551e-01 5.395220518112182617e-01
1.340344455093145370e-02 1.444133818149566650e-01 8.421831727027893066e-01
1.340345107018947601e-02 1.444133967161178589e-01 8.421831727027893066e-01
6.864418275654315948e-03 3.823545873165130615e-01 6.107809543609619141e-01
6.864415947347879410e-03 3.823545277118682861e-01 6.107810735702514648e-01
3.696546773426234722e-04 9.053213894367218018e-02 9.090982079505920410e-01
3.696545027196407318e-04 9.053210169076919556e-02 9.090982675552368164e-01
1.125806244090199471e-03 1.826969832181930542e-01 8.161771893501281738e-01
1.125807058997452259e-03 1.826971173286437988e-01 8.161770701408386230e-01
1.121414708904922009e-03 3.142012357711791992e-01 6.846773624420166016e-01
1.121413893997669220e-03 3.142010271549224854e-01 6.846775412559509277e-01
4.830337595194578171e-03 1.525280326604843140e-01 8.426416516304016113e-01
4.830337595194578171e-03 1.525280028581619263e-01 8.426416516304016113e-01
3.115111729130148888e-03 4.659604132175445557e-01 5.309244990348815918e-01
3.115112660452723503e-03 4.659605324268341064e-01 5.309243798255920410e-01
1.635043532587587833e-03 1.246581375598907471e-01 8.737068176269531250e-01
1.635044813156127930e-03 1.246582716703414917e-01 8.737066984176635742e-01
2.668411470949649811e-03 1.587164849042892456e-01 8.386151194572448730e-01
2.668410539627075195e-03 1.587164252996444702e-01 8.386151790618896484e-01
1.608158927410840988e-03 2.028080821037292480e-01 7.955837845802307129e-01
1.608159625902771950e-03 2.028081268072128296e-01 7.955837249755859375e-01
1.564039662480354309e-02 1.178657263517379761e-01 8.664938807487487793e-01
1.564039103686809540e-02 1.178657114505767822e-01 8.664938807487487793e-01
8.372502401471138000e-03 4.451286792755126953e-01 5.464988350868225098e-01
8.372503332793712616e-03 4.451286196708679199e-01 5.464988946914672852e-01
6.713323295116424561e-03 4.283015131950378418e-01 5.649851560592651367e-01
6.713321432471275330e-03 4.283013939857482910e-01 5.649852752685546875e-01
5.716452375054359436e-03 3.475838005542755127e-01 6.466997265815734863e-01
5.716448184102773666e-03 3.475835919380187988e-01 6.466999650001525879e-01
4.513585940003395081e-03 5.463249683380126953e-01 4.491614401340484619e-01
4.513586405664682388e-03 5.463250279426574707e-01 4.491614103317260742e-01
2.877707593142986298e-02 2.855578362941741943e-01 6.856650710105895996e-01
2.877705544233322144e-02 2.855576574802398682e-01 6.856653094291687012e-01
8.817716501653194427e-03 5.850014686584472656e-01 4.061808288097381592e-01
8.817711845040321350e-03 5.850011706352233887e-01 4.061810970306396484e-01
1.687714830040931702e-03 1.340419799089431763e-01 8.642703294754028320e-01
1.687713433057069778e-03 1.340418606996536255e-01 8.642704486846923828e-01
2.686404390260577202e-03 1.731088012456893921e-01 8.242048025131225586e-01
2.686408814042806625e-03 1.731090098619461060e-01 8.242045640945434570e-01
3.291399218142032623e-03 3.316424190998077393e-01 6.650661826133728027e-01
3.291399218142032623e-03 3.316424190998077393e-01 6.650661826133728027e-01
1.349304243922233582e-02 1.668487340211868286e-01 8.196582198143005371e-01
1.349303126335144043e-02 1.668486297130584717e-01 8.196583390235900879e-01
7.337463088333606720e-03 4.242810904979705811e-01 5.683814287185668945e-01
7.337462157011032104e-03 4.242811501026153564e-01 5.683813691139221191e-01
6.265550036914646626e-04 9.828518331050872803e-02 9.010882377624511719e-01
6.265544216148555279e-04 9.828510135412216187e-02 9.010883569717407227e-01
1.449631177820265293e-03 1.730919480323791504e-01 8.254584074020385742e-01
1.449631177820265293e-03 1.730919480323791504e-01 8.254584074020385742e-01
2.138380194082856178e-03 3.893440663814544678e-01 6.085175275802612305e-01
2.138382056728005409e-03 3.893443942070007324e-01 6.085172295570373535e-01
6.084411870688199997e-03 1.659919321537017822e-01 8.279236555099487305e-01
6.084411870688199997e-03 1.659919768571853638e-01 8.279235959053039551e-01
4.102228675037622452e-03 4.457490444183349609e-01 5.501487255096435547e-01
4.102229606360197067e-03 4.457491636276245117e-01 5.501486063003540039e-01
2.475609071552753448e-03 1.443928927183151245e-01 8.531315326690673828e-01
2.475606044754385948e-03 1.443926841020584106e-01 8.531317114830017090e-01
3.398591186851263046e-03 1.700357049703598022e-01 8.265656828880310059e-01
3.398590954020619392e-03 1.700357496738433838e-01 8.265656828880310059e-01
3.366510383784770966e-03 3.029372692108154297e-01 6.936962008476257324e-01
3.366510383784770966e-03 3.029372692108154297e-01 6.936962008476257324e-01
1.890594698488712311e-02 1.563269495964050293e-01 8.247671127319335938e-01
1.890593580901622772e-02 1.563268601894378662e-01 8.247672319412231445e-01
1.033513061702251434e-02 4.612679183483123779e-01 5.283969640731811523e-01
1.033512968569993973e-02 4.612678587436676025e-01 5.283970236778259277e-01
3.849795088171958923e-03 2.050677984952926636e-01 7.910823822021484375e-01
3.849796717986464500e-03 2.050678580999374390e-01 7.910823225975036621e-01
3.684510244056582451e-03 1.947786509990692139e-01 8.015368580818176270e-01
3.684512805193662643e-03 1.947788000106811523e-01 8.015366792678833008e-01
5.036623217165470123e-03 4.554410576820373535e-01 5.395223498344421387e-01
5.036625545471906662e-03 4.554412961006164551e-01 5.395220518112182617e-01
1.340344455093145370e-02 1.444133818149566650e-01 8.421831727027893066e-01
1.340345107018947601e-02 1.444133967161178589e-01 8.421831727027893066e-01
6.864418275654315948e-03 3.823545873165130615e-01 6.107809543609619141e-01
6.864415947347879410e-03 3.823545277118682861e-01 6.107810735702514648e-01
1.687714830040931702e-03 1.340419799089431763e-01 8.642703294754028320e-01
1.687713433057069778e-03 1.340418606996536255e-01 8.642704486846923828e-01
2.686404390260577202e-03 1.731088012456893921e-01 8.242048025131225586e-01
2.686408814042806625e-03 1.731090098619461060e-01 8.242045640945434570e-01
3.291399218142032623e-03 3.316424190998077393e-01 6.650661826133728027e-01
3.291399218142032623e-03 3.316424190998077393e-01 6.650661826133728027e-01
1.349304243922233582e-02 1.668487340211868286e-01 8.196582198143005371e-01
1.349303126335144043e-02 1.668486297130584717e-01 8.196583390235900879e-01
7.337463088333606720e-03 4.242810904979705811e-01 5.683814287185668945e-01
7.337462157011032104e-03 4.242811501026153564e-01 5.683813691139221191e-01
