2.223618794232606888e-04 6.432417035102844238e-02 9.354534745216369629e-01
2.223618794232606888e-04 6.432417035102844238e-02 9.354534745216369629e-01
1.009453088045120239e-03 1.375856548547744751e-01 8.614048957824707031e-01
1.009453088045120239e-03 1.375856548547744751e-01 8.614048957824707031e-01
2.664342755451798439e-04 6.904336065053939819e-02 9.306902289390563965e-01
2.664342755451798439e-04 6.904336065053939819e-02 9.306902289390563965e-01
2.189176302636042237e-04 5.305612459778785706e-02 9.467249512672424316e-01
2.189176157116889954e-04 5.305614694952964783e-02 9.467249512672424316e-01
3.699542721733450890e-04 9.660635143518447876e-02 9.030237197875976562e-01
3.699542721733450890e-04 9.660635143518447876e-02 9.030237197875976562e-01
8.184513717424124479e-05 2.538973465561866760e-02 9.745284318923950195e-01
8.184505713870748878e-05 2.538972161710262299e-02 9.745284318923950195e-01
5.234728450886905193e-04 6.287361681461334229e-02 9.366028904914855957e-01
5.234725540503859520e-04 6.287356466054916382e-02 9.366029500961303711e-01
7.365000055870041251e-05 2.215437591075897217e-02 9.777719974517822266e-01
7.365000055870041251e-05 2.215437591075897217e-02 9.777719974517822266e-01
7.705185998929664493e-05 2.221439778804779053e-02 9.777085781097412109e-01
7.705185998929664493e-05 2.221439778804779053e-02 9.777085781097412109e-01
5.153389065526425838e-04 8.737082034349441528e-02 9.121138453483581543e-01
5.153386737219989300e-04 8.737078309059143066e-02 9.121139049530029297e-01
9.112531188293360174e-06 5.112576764076948166e-03 9.948782920837402344e-01
9.112540283240377903e-06 5.112579092383384705e-03 9.948782920837402344e-01
2.205252530984580517e-04 3.694254532456398010e-02 9.628369212150573730e-01
2.205250493716448545e-04 3.694252669811248779e-02 9.628369212150573730e-01
1.290731142944423482e-05 6.927996408194303513e-03 9.930590987205505371e-01
1.290731142944423482e-05 6.927996408194303513e-03 9.930590987205505371e-01
3.562923302524723113e-05 1.308609917759895325e-02 9.868782758712768555e-01
3.562923302524723113e-05 1.308610569685697556e-02 9.868782758712768555e-01
5.825498374179005623e-05 2.053215913474559784e-02 9.794095754623413086e-01
5.825498374179005623e-05 2.053214795887470245e-02 9.794095754623413086e-01
4.662087746964971302e-07 8.116126409731805325e-04 9.991879463195800781e-01
4.662087746964971302e-07 8.116122917272150517e-04 9.991879463195800781e-01
3.214089701941702515e-06 1.968949334695935249e-03 9.980278611183166504e-01
3.214086518710246310e-06 1.968947472050786018e-03 9.980278611183166504e-01
3.537401482844870770e-07 5.443430272862315178e-04 9.994553327560424805e-01
3.537398072239739122e-07 5.443427362479269505e-04 9.994553327560424805e-01
9.841261316978489049e-07 1.128773321397602558e-03 9.988702535629272461e-01
9.841261316978489049e-07 1.128773787058889866e-03 9.988702535629272461e-01
1.059883175003051292e-06 9.436231921426951885e-04 9.990553259849548340e-01
1.059881128639972303e-06 9.436223190277814865e-04 9.990553259849548340e-01
2.223618794232606888e-04 6.432417035102844238e-02 9.354534745216369629e-01
2.223618794232606888e-04 6.432417035102844238e-02 9.354534745216369629e-01
1.009453088045120239e-03 1.375856548547744751e-01 8.614048957824707031e-01
1.009453088045120239e-03 1.375856548547744751e-01 8.614048957824707031e-01
2.664342755451798439e-04 6.904336065053939819e-02 9.306902289390563965e-01
2.664342755451798439e-04 6.904336065053939819e-02 9.306902289390563965e-01
2.189176302636042237e-04 5.305612459778785706e-02 9.467249512672424316e-01
2.189176157116889954e-04 5.305614694952964783e-02 9.467249512672424316e-01
3.699542721733450890e-04 9.660635143518447876e-02 9.030237197875976562e-01
3.699542721733450890e-04 9.660635143518447876e-02 9.030237197875976562e-01
7.726381591055542231e-05 3.884845972061157227e-02 9.610742926597595215e-01
7.726381591055542231e-05 3.884845972061157227e-02 9.610742926597595215e-01
3.014613757841289043e-04 5.854844301939010620e-02 9.411500692367553711e-01
3.014613757841289043e-04 5.854844301939010620e-02 9.411500692367553711e-01
1.107212956412695348e-04 3.871447592973709106e-02 9.611747860908508301e-01
1.107213029172271490e-04 3.871446102857589722e-02 9.611748456954956055e-01
3.282360194134525955e-05 1.522752083837985992e-02 9.847396612167358398e-01
3.282360194134525955e-05 1.522752083837985992e-02 9.847396612167358398e-01
2.572178200352936983e-04 7.436585426330566406e-02 9.253769516944885254e-01
2.572178200352936983e-04 7.436583936214447021e-02 9.253769516944885254e-01
1.386667372571537271e-05 8.474188856780529022e-03 9.915119409561157227e-01
1.386667372571537271e-05 8.474188856780529022e-03 9.915119409561157227e-01
1.838773750932887197e-04 3.928259015083312988e-02 9.605335593223571777e-01
1.838772150222212076e-04 3.928257897496223450e-02 9.605335593223571777e-01
3.091516555286943913e-05 1.450296770781278610e-02 9.854661226272583008e-01
3.091516555286943913e-05 1.450298167765140533e-02 9.854661226272583008e-01
2.322190448467154056e-05 1.168235577642917633e-02 9.882944226264953613e-01
2.322190448467154056e-05 1.168235577642917633e-02 9.882944226264953613e-01
4.785822602570988238e-05 2.152651734650135040e-02 9.784256219863891602e-01
4.785822602570988238e-05 2.152651734650135040e-02 9.784256219863891602e-01
7.100206403265474364e-06 1.162057649344205856e-02 9.883723258972167969e-01
7.100206403265474364e-06 1.162056531757116318e-02 9.883723258972167969e-01
4.653404539567418396e-05 2.657391689717769623e-02 9.733795523643493652e-01
4.653408905141986907e-05 2.657392807304859161e-02 9.733795523643493652e-01
1.218420129589503631e-05 1.860440149903297424e-02 9.813834428787231445e-01
1.218421220983145759e-05 1.860441081225872040e-02 9.813833832740783691e-01
2.214676896983291954e-05 1.857087947428226471e-02 9.814069867134094238e-01
2.214676896983291954e-05 1.857087947428226471e-02 9.814069867134094238e-01
1.083012739400146529e-05 1.035571750253438950e-02 9.896334409713745117e-01
1.083012739400146529e-05 1.035571750253438950e-02 9.896334409713745117e-01
8.184513717424124479e-05 2.538973465561866760e-02 9.745284318923950195e-01
8.184505713870748878e-05 2.538972161710262299e-02 9.745284318923950195e-01
5.234728450886905193e-04 6.287361681461334229e-02 9.366028904914855957e-01
5.234725540503859520e-04 6.287356466054916382e-02 9.366029500961303711e-01
7.365000055870041251e-05 2.215437591075897217e-02 9.777719974517822266e-01
7.365000055870041251e-05 2.215437591075897217e-02 9.777719974517822266e-01
7.705185998929664493e-05 2.221439778804779053e-02 9.777085781097412109e-01
7.705185998929664493e-05 2.221439778804779053e-02 9.777085781097412109e-01
5.153389065526425838e-04 8.737082034349441528e-02 9.121138453483581543e-01
5.153386737219989300e-04 8.737078309059143066e-02 9.121139049530029297e-01
7.726381591055542231e-05 3.884845972061157227e-02 9.610742926597595215e-01
7.726381591055542231e-05 3.884845972061157227e-02 9.610742926597595215e-01
3.014613757841289043e-04 5.854844301939010620e-02 9.411500692367553711e-01
3.014613757841289043e-04 5.854844301939010620e-02 9.411500692367553711e-01
1.107212956412695348e-04 3.871447592973709106e-02 9.611747860908508301e-01
1.107213029172271490e-04 3.871446102857589722e-02 9.611748456954956055e-01
3.282360194134525955e-05 1.522752083837985992e-02 9.847396612167358398e-01
3.282360194134525955e-05 1.522752083837985992e-02 9.847396612167358398e-01
2.572178200352936983e-04 7.436585426330566406e-02 9.253769516944885254e-01
2.572178200352936983e-04 7.436583936214447021e-02 9.253769516944885254e-01
2.272763367727748118e-06 1.415431266650557518e-03 9.985823035240173340e-01
2.272763367727748118e-06 1.415431266650557518e-03 9.985823035240173340e-01
1.255940787814324722e-05 3.358434885740280151e-03 9.966289997100830078e-01
1.255940787814324722e-05 3.358433255925774574e-03 9.966289997100830078e-01
2.824810508172959089e-06 1.428743591532111168e-03 9.985684156417846680e-01
2.824810508172959089e-06 1.428743591532111168e-03 9.985684156417846680e-01
1.227922439284157008e-06 9.780399268493056297e-04 9.990207552909851074e-01
1.227922439284157008e-06 9.780403925105929375e-04 9.990207552909851074e-01
2.445755490043666214e-05 8.165458217263221741e-03 9.918100833892822266e-01
2.445757854729890823e-05 8.165462873876094818e-03 9.918100833892822266e-01
1.710481143391007208e-07 2.936612872872501612e-04 9.997061491012573242e-01
1.710481143391007208e-07 2.936612872872501612e-04 9.997061491012573242e-01
4.656977807826478966e-07 4.027454706374555826e-04 9.995967745780944824e-01
4.656982355299987830e-07 4.027456452604383230e-04 9.995967745780944824e-01
1.568764247394938138e-07 2.600668522063642740e-04 9.997397661209106445e-01
1.568764247394938138e-07 2.600668522063642740e-04 9.997397661209106445e-01
1.553451767222213675e-07 2.574659883975982666e-04 9.997423887252807617e-01
1.553451767222213675e-07 2.574659883975982666e-04 9.997423887252807617e-01
2.245775476694689132e-07 2.809786819852888584e-04 9.997187852859497070e-01
2.245775476694689132e-07 2.809786819852888584e-04 9.997187852859497070e-01
9.112531188293360174e-06 5.112576764076948166e-03 9.948782920837402344e-01
9.112540283240377903e-06 5.112579092383384705e-03 9.948782920837402344e-01
2.205252530984580517e-04 3.694254532456398010e-02 9.628369212150573730e-01
2.205250493716448545e-04 3.694252669811248779e-02 9.628369212150573730e-01
1.290731142944423482e-05 6.927996408194303513e-03 9.930590987205505371e-01
1.290731142944423482e-05 6.927996408194303513e-03 9.930590987205505371e-01
3.562923302524723113e-05 1.308609917759895325e-02 9.868782758712768555e-01
3.562923302524723113e-05 1.308610569685697556e-02 9.868782758712768555e-01
5.825498374179005623e-05 2.053215913474559784e-02 9.794095754623413086e-01
5.825498374179005623e-05 2.053214795887470245e-02 9.794095754623413086e-01
1.386667372571537271e-05 8.474188856780529022e-03 9.915119409561157227e-01
1.386667372571537271e-05 8.474188856780529022e-03 9.915119409561157227e-01
1.838773750932887197e-04 3.928259015083312988e-02 9.605335593223571777e-01
1.838772150222212076e-04 3.928257897496223450e-02 9.605335593223571777e-01
3.091516555286943913e-05 1.450296770781278610e-02 9.854661226272583008e-01
3.091516555286943913e-05 1.450298167765140533e-02 9.854661226272583008e-01
2.322190448467154056e-05 1.168235577642917633e-02 9.882944226264953613e-01
2.322190448467154056e-05 1.168235577642917633e-02 9.882944226264953613e-01
4.785822602570988238e-05 2.152651734650135040e-02 9.784256219863891602e-01
4.785822602570988238e-05 2.152651734650135040e-02 9.784256219863891602e-01
2.272763367727748118e-06 1.415431266650557518e-03 9.985823035240173340e-01
2.272763367727748118e-06 1.415431266650557518e-03 9.985823035240173340e-01
1.255940787814324722e-05 3.358434885740280151e-03 9.966289997100830078e-01
1.255940787814324722e-05 3.358433255925774574e-03 9.966289997100830078e-01
2.824810508172959089e-06 1.428743591532111168e-03 9.985684156417846680e-01
2.824810508172959089e-06 1.428743591532111168e-03 9.985684156417846680e-01
1.227922439284157008e-06 9.780399268493056297e-04 9.990207552909851074e-01
1.227922439284157008e-06 9.780403925105929375e-04 9.990207552909851074e-01
2.445755490043666214e-05 8.165458217263221741e-03 9.918100833892822266e-01
2.445757854729890823e-05 8.165462873876094818e-03 9.918100833892822266e-01
3.452796804026547761e-08 9.968086669687181711e-05 9.999002814292907715e-01
3.452796804026547761e-08 9.968086669687181711e-05 9.999002814292907715e-01
2.179341294095138437e-07 2.684674400370568037e-04 9.997313022613525391e-01
2.179345415243005846e-07 2.684676728677004576e-04 9.997313022613525391e-01
3.733619990953229717e-08 9.194346057483926415e-05 9.999080300331115723e-01
3.733619990953229717e-08 9.194354788633063436e-05 9.999080300331115723e-01
8.358544789643929107e-08 1.531533780507743359e-04 9.998467564582824707e-01
8.358544789643929107e-08 1.531533780507743359e-04 9.998467564582824707e-01
7.445640193282088148e-08 1.262766891159117222e-04 9.998736381530761719e-01
7.445640193282088148e-08 1.262766891159117222e-04 9.998736381530761719e-01
4.662087746964971302e-07 8.116126409731805325e-04 9.991879463195800781e-01
4.662087746964971302e-07 8.116122917272150517e-04 9.991879463195800781e-01
3.214089701941702515e-06 1.968949334695935249e-03 9.980278611183166504e-01
3.214086518710246310e-06 1.968947472050786018e-03 9.980278611183166504e-01
3.537401482844870770e-07 5.443430272862315178e-04 9.994553327560424805e-01
3.537398072239739122e-07 5.443427362479269505e-04 9.994553327560424805e-01
9.841261316978489049e-07 1.128773321397602558e-03 9.988702535629272461e-01
9.841261316978489049e-07 1.128773787058889866e-03 9.988702535629272461e-01
1.059883175003051292e-06 9.436231921426951885e-04 9.990553259849548340e-01
1.059881128639972303e-06 9.436223190277814865e-04 9.990553259849548340e-01
7.100206403265474364e-06 1.162057649344205856e-02 9.883723258972167969e-01
7.100206403265474364e-06 1.162056531757116318e-02 9.883723258972167969e-01
4.653404539567418396e-05 2.657391689717769623e-02 9.733795523643493652e-01
4.653408905141986907e-05 2.657392807304859161e-02 9.733795523643493652e-01
1.218420129589503631e-05 1.860440149903297424e-02 9.813834428787231445e-01
1.218421220983145759e-05 1.860441081225872040e-02 9.813833832740783691e-01
2.214676896983291954e-05 1.857087947428226471e-02 9.814069867134094238e-01
2.214676896983291954e-05 1.857087947428226471e-02 9.814069867134094238e-01
1.083012739400146529e-05 1.035571750253438950e-02 9.896334409713745117e-01
1.083012739400146529e-05 1.035571750253438950e-02 9.896334409713745117e-01
1.710481143391007208e-07 2.936612872872501612e-04 9.997061491012573242e-01
1.710481143391007208e-07 2.936612872872501612e-04 9.997061491012573242e-01
4.656977807826478966e-07 4.027454706374555826e-04 9.995967745780944824e-01
4.656982355299987830e-07 4.027456452604383230e-04 9.995967745780944824e-01
1.568764247394938138e-07 2.600668522063642740e-04 9.997397661209106445e-01
1.568764247394938138e-07 2.600668522063642740e-04 9.997397661209106445e-01
1.553451767222213675e-07 2.574659883975982666e-04 9.997423887252807617e-01
1.553451767222213675e-07 2.574659883975982666e-04 9.997423887252807617e-01
2.245775476694689132e-07 2.809786819852888584e-04 9.997187852859497070e-01
2.245775476694689132e-07 2.809786819852888584e-04 9.997187852859497070e-01
3.452796804026547761e-08 9.968086669687181711e-05 9.999002814292907715e-01
3.452796804026547761e-08 9.968086669687181711e-05 9.999002814292907715e-01
2.179341294095138437e-07 2.684674400370568037e-04 9.997313022613525391e-01
2.179345415243005846e-07 2.684676728677004576e-04 9.997313022613525391e-01
3.733619990953229717e-08 9.194346057483926415e-05 9.999080300331115723e-01
3.733619990953229717e-08 9.194354788633063436e-05 9.999080300331115723e-01
8.358544789643929107e-08 1.531533780507743359e-04 9.998467564582824707e-01
8.358544789643929107e-08 1.531533780507743359e-04 9.998467564582824707e-01
7.445640193282088148e-08 1.262766891159117222e-04 9.998736381530761719e-01
7.445640193282088148e-08 1.262766891159117222e-04 9.998736381530761719e-01
