6.167007171598015702e-08 9.139179019257426262e-05 9.999085664749145508e-01
8.993732080853078514e-06 4.888886585831642151e-03 9.951021075248718262e-01
1.368590310448780656e-04 7.100501679815351963e-04 9.991530776023864746e-01
3.275994095019996166e-05 3.387626959010958672e-03 9.965795874595642090e-01
4.232009359839139506e-06 2.507944591343402863e-04 9.997449517250061035e-01
4.037130565848201513e-05 6.940549705177545547e-03 9.930191040039062500e-01
1.747872488522261847e-06 1.681656693108379841e-03 9.983165860176086426e-01
6.027119070495245978e-06 2.947995904833078384e-03 9.970459938049316406e-01
2.161683187296148390e-05 6.376877427101135254e-04 9.993407130241394043e-01
1.356006123387487605e-05 5.479854997247457504e-03 9.945065975189208984e-01
9.885386589303379878e-07 1.022998476400971413e-03 9.989759922027587891e-01
1.973676808120217174e-05 6.273041944950819016e-03 9.937072396278381348e-01
6.871457298984751105e-05 3.288250649347901344e-03 9.966430068016052246e-01
7.138788350857794285e-05 3.510016482323408127e-03 9.964185953140258789e-01
2.325924106116872281e-05 6.974778953008353710e-04 9.992792606353759766e-01
1.311346131842583418e-04 9.048379957675933838e-03 9.908204674720764160e-01
1.596176957718853373e-06 7.713217637501657009e-04 9.992271065711975098e-01
1.134394005930516869e-05 2.416077535599470139e-03 9.975726008415222168e-01
1.050333085004240274e-04 3.325225319713354111e-03 9.965697526931762695e-01
5.629471706924960017e-05 6.270954851061105728e-03 9.936727285385131836e-01
2.448891336825909093e-06 1.000365591607987881e-03 9.989972114562988281e-01
3.005837788805365562e-05 1.997659215703606606e-03 9.979723095893859863e-01
6.039356230758130550e-04 2.575192600488662720e-03 9.968208670616149902e-01
2.641263381519820541e-05 1.254648552276194096e-03 9.987189173698425293e-01
3.151627970510162413e-05 4.442073404788970947e-04 9.995242953300476074e-01
8.215637353714555502e-05 3.992219455540180206e-03 9.959256052970886230e-01
2.722055796766653657e-06 9.419158450327813625e-04 9.990553855895996094e-01
1.035895002132747322e-05 1.052890555001795292e-03 9.989367723464965820e-01
7.916889153420925140e-04 4.820421338081359863e-03 9.943878650665283203e-01
8.508884639013558626e-05 4.028965253382921219e-03 9.958859682083129883e-01
1.050584501172124874e-06 1.247195526957511902e-02 9.875270128250122070e-01
2.049791146419011056e-05 2.401351463049650192e-03 9.975781440734863281e-01
1.770185423083603382e-03 3.461735695600509644e-02 9.636124372482299805e-01
9.470005898037925363e-05 1.110618701204657555e-03 9.987946748733520508e-01
6.473999383160844445e-05 9.718778543174266815e-03 9.902164936065673828e-01
2.026229631155729294e-04 4.231533966958522797e-03 9.955658316612243652e-01
5.306030288920737803e-06 7.293184287846088409e-03 9.927015304565429688e-01
1.329607857769588009e-05 1.370215089991688728e-03 9.986165165901184082e-01
5.083875730633735657e-04 2.940001338720321655e-02 9.700915813446044922e-01
9.589543333277106285e-05 2.358322264626622200e-03 9.975457787513732910e-01
1.235487161466153339e-06 3.993648104369640350e-03 9.960051178932189941e-01
1.399547545588575304e-05 5.374552216380834579e-03 9.946114420890808105e-01
1.212998642586171627e-03 5.135476123541593552e-03 9.936515092849731445e-01
6.178494368214160204e-05 4.061165265738964081e-03 9.958770275115966797e-01
2.438673691358417273e-04 1.809315197169780731e-02 9.816629886627197266e-01
7.157536310842260718e-05 4.655921831727027893e-03 9.952725172042846680e-01
1.428696947414209717e-07 1.189642352983355522e-03 9.988102316856384277e-01
4.265927145752357319e-06 5.073533859103918076e-03 9.949222207069396973e-01
2.184479264542460442e-03 1.012799609452486038e-02 9.876875281333923340e-01
9.762602712726220489e-05 5.651681218296289444e-03 9.942507147789001465e-01
1.130777454818598926e-04 3.033123351633548737e-02 9.695556759834289551e-01
1.497878201917046681e-05 1.955367811024188995e-02 9.804313182830810547e-01
7.400036603212356567e-02 4.517066478729248047e-02 8.808289766311645508e-01
1.023036238620989025e-04 5.918740760535001755e-03 9.939789772033691406e-01
2.084171399474143982e-03 4.669181630015373230e-02 9.512240290641784668e-01
9.889588545775040984e-05 9.904072619974613190e-03 9.899970293045043945e-01
4.367436304164584726e-06 1.308611407876014709e-02 9.869095087051391602e-01
5.967840479570440948e-06 1.299156341701745987e-02 9.870024919509887695e-01
2.071941196918487549e-01 8.722220361232757568e-02 7.055836915969848633e-01
1.124832779169082642e-04 1.192830782383680344e-02 9.879592061042785645e-01
7.966705197759438306e-06 6.807835306972265244e-03 9.931842088699340820e-01
3.208990674465894699e-04 1.267256215214729309e-02 9.870065450668334961e-01
2.865580318029969931e-04 2.294170204550027847e-03 9.974192976951599121e-01
3.478104190435260534e-04 2.586235059425234795e-03 9.970659613609313965e-01
7.661503332201391459e-06 1.474793069064617157e-03 9.985175728797912598e-01
8.558536646887660027e-04 6.073699332773685455e-03 9.930704236030578613e-01
5.474078079714672640e-06 6.555708125233650208e-03 9.934388399124145508e-01
5.902922202949412167e-05 5.894765723496675491e-03 9.940462112426757812e-01
4.238408990204334259e-03 1.925210282206535339e-02 9.765095114707946777e-01
1.029391889460384846e-03 5.904032383114099503e-03 9.930665493011474609e-01
5.345728482097911183e-07 2.246539741754531860e-01 7.753455042839050293e-01
5.821015292895026505e-05 2.053990401327610016e-02 9.794018864631652832e-01
9.848671033978462219e-03 2.486644387245178223e-01 7.414869070053100586e-01
3.114574938081204891e-04 4.777959547936916351e-03 9.949105978012084961e-01
7.127947901608422399e-05 1.336581707000732422e-01 8.662705421447753906e-01
4.385986540000885725e-04 1.095564849674701691e-02 9.886057376861572266e-01
7.303415259229950607e-07 1.610638350248336792e-01 8.389354348182678223e-01
1.907891783048398793e-05 1.012997422367334366e-02 9.898509383201599121e-01
1.604931167094036937e-04 3.011226356029510498e-01 6.987168788909912109e-01
3.237534547224640846e-04 5.942353047430515289e-03 9.937338829040527344e-01
7.671961554933659500e-08 6.199003546498715878e-04 9.993800520896911621e-01
1.140521089837420732e-05 3.852096153423190117e-03 9.961364865303039551e-01
2.473796666890848428e-05 1.516475109383463860e-03 9.984588027000427246e-01
3.085296339122578502e-05 2.974081085994839668e-03 9.969950914382934570e-01
3.091105099883861840e-05 2.338423160836100578e-03 9.976306557655334473e-01
5.873762347619049251e-05 5.588568281382322311e-03 9.943526983261108398e-01
1.750988332105407608e-07 2.387944841757416725e-04 9.997610449790954590e-01
6.788394784962292761e-06 2.535220701247453690e-03 9.974579811096191406e-01
4.644719956559129059e-05 2.500094939023256302e-03 9.974534511566162109e-01
9.407576726516708732e-05 6.311275996267795563e-03 9.935946464538574219e-01
2.246244321213453077e-06 1.778174191713333130e-03 9.982196092605590820e-01
3.852429017570102587e-06 8.698731660842895508e-03 9.912974238395690918e-01
3.182146232575178146e-03 2.776774810627102852e-03 9.940410852432250977e-01
1.340448307018959895e-05 3.965208306908607483e-03 9.960213899612426758e-01
1.455246965633705258e-04 6.508624646812677383e-03 9.933458566665649414e-01
2.444369602017104626e-05 1.009535696357488632e-02 9.898802042007446289e-01
1.324223103438271210e-05 1.057517714798450470e-02 9.894115924835205078e-01
4.139754764764802530e-06 6.557810120284557343e-03 9.934380650520324707e-01
1.985913608223199844e-03 1.020569168031215668e-02 9.878084063529968262e-01
1.457022699469234794e-05 7.415909785777330399e-03 9.925695061683654785e-01
4.204639935778686777e-06 3.392568323761224747e-03 9.966032505035400391e-01
2.253497405035886914e-05 6.095298100262880325e-03 9.938821792602539062e-01
3.495549783110618591e-03 9.418575791642069817e-04 9.955626130104064941e-01
2.554959246481303126e-05 1.966643845662474632e-03 9.980078339576721191e-01
1.713954843580722809e-04 1.943049952387809753e-03 9.978855252265930176e-01
7.781741442158818245e-05 7.751419208943843842e-03 9.921707510948181152e-01
1.363932256026600953e-06 4.614002245943993330e-04 9.995372295379638672e-01
8.297260137624107301e-06 3.464828478172421455e-03 9.965268969535827637e-01
1.028559752739965916e-03 2.796931425109505653e-03 9.961745142936706543e-01
1.041480791172944009e-04 6.200678646564483643e-03 9.936951994895935059e-01
3.456342057006622781e-08 1.409647893160581589e-02 9.859035015106201172e-01
3.049962833756580949e-05 5.962799768894910812e-03 9.940066933631896973e-01
3.859691787511110306e-04 3.704936429858207703e-02 9.625646471977233887e-01
1.287349441554397345e-04 2.321946434676647186e-03 9.975492954254150391e-01
5.159718512004474178e-06 2.294862829148769379e-02 9.770461916923522949e-01
2.425886486889794469e-04 7.099309936165809631e-03 9.926580786705017090e-01
9.817696877689741086e-08 8.240351453423500061e-03 9.917595386505126953e-01
2.841936657205224037e-05 4.688444547355175018e-03 9.952831268310546875e-01
3.681490170492907055e-06 1.070671156048774719e-02 9.892895817756652832e-01
2.023532288148999214e-04 3.208570415154099464e-03 9.965890645980834961e-01
1.890132261905819178e-04 4.712608177214860916e-03 9.950983524322509766e-01
1.567047002026811242e-05 1.943446812219917774e-03 9.980408549308776855e-01
4.546332731842994690e-02 7.366856560111045837e-03 9.471698403358459473e-01
7.308473868761211634e-05 2.006178721785545349e-03 9.979207515716552734e-01
8.170510828495025635e-02 4.598149657249450684e-02 8.723133802413940430e-01
1.571596658322960138e-04 2.746338490396738052e-03 9.970964789390563965e-01
1.109246222767978907e-04 3.203065833076834679e-03 9.966859817504882812e-01
1.032981344906147569e-05 1.499160425737500191e-03 9.984905123710632324e-01
2.745030820369720459e-01 2.101280353963375092e-02 7.044841051101684570e-01
2.930485934484750032e-04 3.459471277892589569e-03 9.962474703788757324e-01
5.218207297730259597e-05 3.318509785458445549e-03 9.966292977333068848e-01
6.171369750518351793e-05 3.728638868778944016e-03 9.962096214294433594e-01
1.794370706193149090e-03 4.111215472221374512e-03 9.940944314002990723e-01
4.099845245946198702e-04 2.154377521947026253e-03 9.974356293678283691e-01
2.183722972404211760e-04 1.012685615569353104e-02 9.896547794342041016e-01
6.024806643836200237e-04 3.082949435338377953e-03 9.963145852088928223e-01
6.238083587959408760e-04 7.490663975477218628e-02 9.244695305824279785e-01
3.951719554606825113e-05 2.118977718055248260e-03 9.978414773941040039e-01
9.988399222493171692e-03 1.537825260311365128e-02 9.746333360671997070e-01
2.782098308671265841e-04 2.784289652481675148e-03 9.969375133514404297e-01
4.077779594808816910e-03 3.845644369721412659e-02 9.574657678604125977e-01
1.628513018658850342e-05 4.251861944794654846e-03 9.957318305969238281e-01
3.843283355236053467e-01 1.565319299697875977e-02 6.000184416770935059e-01
1.388316741213202477e-04 2.032643416896462440e-03 9.978285431861877441e-01
8.320246636867523193e-02 6.927768886089324951e-02 8.475198745727539062e-01
3.147853421978652477e-04 3.974143881350755692e-03 9.957110881805419922e-01
3.118735912721604109e-04 1.569144427776336670e-02 9.839966893196105957e-01
1.642523420741781592e-05 2.342588966712355614e-03 9.976409673690795898e-01
5.736751556396484375e-01 2.674350701272487640e-02 3.995813429355621338e-01
2.395583433099091053e-04 3.084931289777159691e-03 9.966754913330078125e-01
1.359449583105742931e-03 1.098672151565551758e-01 8.887733221054077148e-01
4.015425656689330935e-05 4.390686284750699997e-03 9.955691695213317871e-01
4.190942943096160889e-01 6.662146002054214478e-02 5.142842531204223633e-01
2.786915574688464403e-04 1.843027188442647457e-03 9.978782534599304199e-01
3.392829596996307373e-01 1.598648279905319214e-01 5.008522272109985352e-01
5.519627593457698822e-04 4.152431152760982513e-03 9.952955842018127441e-01
1.710021402686834335e-03 1.192823573946952820e-01 8.790076375007629395e-01
2.496455272193998098e-05 2.307533053681254387e-03 9.976674914360046387e-01
1.389181464910507202e-01 2.907936573028564453e-01 5.702881813049316406e-01
5.195231060497462749e-04 2.777288435027003288e-03 9.967032074928283691e-01
3.547044980223290622e-05 8.056680671870708466e-03 9.919078350067138672e-01
7.694183295825496316e-05 2.524268347769975662e-03 9.973987936973571777e-01
2.296941092936322093e-04 1.636642380617558956e-03 9.981336593627929688e-01
1.965116971405223012e-04 2.069173846393823624e-03 9.977343082427978516e-01
5.188464274397119880e-05 1.259733224287629128e-03 9.986883997917175293e-01
3.651772567536681890e-04 3.754748497158288956e-03 9.958800673484802246e-01
2.661597591213649139e-06 5.121559370309114456e-04 9.994851946830749512e-01
2.900940307881683111e-05 1.705457805655896664e-03 9.982655048370361328e-01
2.634350676089525223e-03 1.224763318896293640e-02 9.851180315017700195e-01
2.362880914006382227e-04 2.857988933101296425e-03 9.969057440757751465e-01
1.097471795219462365e-06 2.476453408598899841e-02 9.752343893051147461e-01
1.447998656658455729e-04 1.155223883688449860e-02 9.883029460906982422e-01
4.405592044349759817e-04 1.512601599097251892e-02 9.844334125518798828e-01
5.799547070637345314e-04 4.941882099956274033e-03 9.944781661033630371e-01
7.728894161118660122e-06 3.267344785854220390e-03 9.967249035835266113e-01
7.703379378654062748e-04 9.183001704514026642e-03 9.900466799736022949e-01
1.726443042571190745e-05 6.275536119937896729e-02 9.372273683547973633e-01
7.995036867214366794e-05 7.934457622468471527e-03 9.919856190681457520e-01
2.173466054955497384e-05 1.502122823148965836e-02 9.849570393562316895e-01
1.683662994764745235e-04 6.312036421149969101e-03 9.935196042060852051e-01
9.585601219441741705e-06 2.311455644667148590e-02 9.768758416175842285e-01
2.513380895834416151e-04 7.225095294415950775e-03 9.925235509872436523e-01
1.993408513953909278e-04 9.654637426137924194e-03 9.901460409164428711e-01
5.931784980930387974e-04 3.758178092539310455e-03 9.956486225128173828e-01
6.549661065946565941e-06 1.004861551336944103e-03 9.989885687828063965e-01
1.689342665486037731e-03 1.002712920308113098e-02 9.882835149765014648e-01
6.242467520678474102e-07 3.316237125545740128e-03 9.966831207275390625e-01
8.400934166274964809e-05 4.448979627341032028e-03 9.954670071601867676e-01
3.840237332042306662e-05 5.016073584556579590e-03 9.949455261230468750e-01
4.049162089359015226e-04 5.374632775783538818e-03 9.942204356193542480e-01
6.629297859035432339e-04 2.116382122039794922e-02 9.781732559204101562e-01
1.943034731084480882e-04 4.583721514791250229e-03 9.952219724655151367e-01
3.590864362195134163e-03 2.567768329754471779e-03 9.938413500785827637e-01
2.798601344693452120e-04 2.420716453343629837e-03 9.972994327545166016e-01
1.317776157520711422e-03 4.506151599343866110e-04 9.982315897941589355e-01
7.469565607607364655e-04 5.598227493464946747e-03 9.936547875404357910e-01
3.869725333061069250e-04 5.701795686036348343e-03 9.939112067222595215e-01
6.622752698604017496e-05 2.460514893755316734e-03 9.974732398986816406e-01
7.408529054373502731e-03 2.055224031209945679e-02 9.720392227172851562e-01
3.953439008910208941e-04 4.417820833623409271e-03 9.951868057250976562e-01
