3.230797126889228821e-02 1.761886407621204853e-03 9.659301638603210449e-01
1.840085606090724468e-03 4.052704025525599718e-04 9.977546334266662598e-01
2.776912180706858635e-03 4.906021524220705032e-03 9.923170804977416992e-01
3.089263627771288157e-04 7.172591867856681347e-04 9.989737868309020996e-01
1.845494029112160206e-03 2.860852284356951714e-03 9.952936768531799316e-01
4.988472792319953442e-04 6.617649341933429241e-04 9.988393783569335938e-01
7.292041118489578366e-05 1.204030006192624569e-03 9.987230300903320312e-01
3.201063736923970282e-05 2.633913245517760515e-04 9.997045993804931641e-01
1.378989400109276175e-04 1.786654000170528889e-03 9.980754256248474121e-01
1.026199679472483695e-04 4.543299437500536442e-04 9.994430541992187500e-01
9.978098869323730469e-01 2.580139553174376488e-04 1.932078623212873936e-03
5.438243970274925232e-04 4.086908884346485138e-04 9.990474581718444824e-01
9.621102213859558105e-01 3.400581190362572670e-03 3.448920696973800659e-02
6.276230851653963327e-05 8.874058257788419724e-04 9.990498423576354980e-01
9.895026087760925293e-01 1.057165674865245819e-03 9.440238587558269501e-03
1.525045518064871430e-04 1.217377721332013607e-03 9.986301064491271973e-01
2.038227915763854980e-01 1.435639150440692902e-02 7.818208336830139160e-01
4.628953774954425171e-06 2.847491996362805367e-04 9.997106194496154785e-01
3.151352703571319580e-01 1.320193987339735031e-02 6.716628074645996094e-01
1.668622098804917186e-05 6.815158412791788578e-04 9.993017911911010742e-01
9.741063117980957031e-01 2.578210551291704178e-03 2.331548184156417847e-02
7.913616718724370003e-04 4.232368955854326487e-04 9.987853765487670898e-01
4.345839917659759521e-01 7.058203965425491333e-02 4.948339462280273438e-01
6.904813926666975021e-05 7.174784550443291664e-04 9.992134571075439453e-01
7.437849044799804688e-01 1.959286071360111237e-02 2.366222143173217773e-01
1.915678294608369470e-04 8.904522983357310295e-04 9.989179968833923340e-01
1.348628196865320206e-02 6.854743696749210358e-03 9.796589612960815430e-01
6.099280653870664537e-06 1.829081302275881171e-04 9.998109936714172363e-01
3.726422414183616638e-02 1.576721668243408203e-02 9.469685554504394531e-01
1.866962702479213476e-05 3.473109973128885031e-04 9.996340274810791016e-01
5.758823156356811523e-01 5.079928785562515259e-03 4.190377593040466309e-01
2.441270044073462486e-04 3.350554325152188540e-04 9.994208216667175293e-01
1.009994070045650005e-03 1.203621737658977509e-02 9.869537949562072754e-01
2.681358819245360792e-05 8.577529806643724442e-04 9.991154074668884277e-01
3.139209933578968048e-03 1.588232815265655518e-02 9.809784889221191406e-01
5.746867100242525339e-05 1.030875486321747303e-03 9.989116787910461426e-01
4.074620301253162324e-05 1.399477245286107063e-03 9.985597729682922363e-01
2.961693780889618210e-06 1.987445139093324542e-04 9.997982978820800781e-01
4.558055297820828855e-05 2.496091416105628014e-03 9.974583387374877930e-01
8.416172931902110577e-06 3.626008401624858379e-04 9.996289610862731934e-01
1.700648479163646698e-02 9.177986066788434982e-04 9.820756912231445312e-01
1.148830284364521503e-03 3.420867142267525196e-04 9.985091090202331543e-01
2.166024642065167427e-03 2.633041702210903168e-03 9.952009320259094238e-01
1.800157915567979217e-04 6.273214239627122879e-04 9.991926550865173340e-01
4.076374694705009460e-03 3.044574521481990814e-03 9.928790330886840820e-01
4.436725284904241562e-04 6.253892788663506508e-04 9.989309310913085938e-01
1.027840771712362766e-04 4.908238188363611698e-04 9.994063973426818848e-01
1.841675657487940043e-05 2.622492320369929075e-04 9.997193217277526855e-01
1.575229980517178774e-04 5.723214126192033291e-04 9.992701411247253418e-01
5.803822932648472488e-05 3.927375946659594774e-04 9.995492100715637207e-01
9.958604574203491211e-01 8.030799654079601169e-05 4.059215541929006577e-03
6.918257568031549454e-04 2.289245312567800283e-04 9.990792274475097656e-01
8.992795348167419434e-01 3.188862698152661324e-03 9.753158688545227051e-02
6.179332558531314135e-05 4.358568112365901470e-04 9.995023608207702637e-01
9.901782274246215820e-01 6.496927817352116108e-04 9.172054938971996307e-03
1.614680077182129025e-04 4.824686038773506880e-04 9.993560910224914551e-01
2.113141119480133057e-02 1.997724641114473343e-03 9.768708348274230957e-01
5.877580861124442890e-06 1.384497154504060745e-04 9.998556971549987793e-01
1.238235905766487122e-01 4.167710896581411362e-03 8.720086812973022461e-01
1.613617860130034387e-05 2.985468017868697643e-04 9.996852874755859375e-01
9.997164011001586914e-01 1.582879303896334022e-05 2.677758457139134407e-04
8.504459401592612267e-04 2.384058898314833641e-04 9.989111423492431641e-01
9.914104938507080078e-01 5.681125912815332413e-04 8.021377958357334137e-03
7.623728743055835366e-05 4.795337445102632046e-04 9.994442462921142578e-01
9.980685114860534668e-01 1.780919701559469104e-04 1.753371092490851879e-03
2.154732937924563885e-04 5.023323465138673782e-04 9.992821812629699707e-01
2.466818541288375854e-01 1.892172149382531643e-03 7.514259815216064453e-01
7.944722710817586631e-06 1.262641453649848700e-04 9.998657703399658203e-01
6.758425831794738770e-01 3.080177120864391327e-03 3.210772573947906494e-01
2.261956979054957628e-05 2.260317123727872968e-04 9.997513294219970703e-01
7.760472297668457031e-01 4.316653648857027292e-04 2.235211133956909180e-01
3.320349787827581167e-04 1.896160974865779281e-04 9.994783401489257812e-01
1.524928724393248558e-03 5.124922841787338257e-03 9.933501482009887695e-01
2.774980021058581769e-05 5.528575857169926167e-04 9.994193911552429199e-01
9.182062000036239624e-03 1.269123703241348267e-02 9.781267046928405762e-01
7.123013347154483199e-05 6.558226887136697769e-04 9.992729425430297852e-01
7.546621782239526510e-05 7.951870211400091648e-04 9.991293549537658691e-01
4.297527993912808597e-06 1.006710299407131970e-04 9.998950362205505371e-01
1.194832657347433269e-04 1.051816390827298164e-03 9.988287091255187988e-01
1.248387707164511085e-05 2.141817967640236020e-04 9.997733235359191895e-01
9.990714192390441895e-01 4.992867980035953224e-05 8.786676335148513317e-04
1.090290956199169159e-03 1.303989440202713013e-03 9.976057410240173340e-01
8.556184768676757812e-01 1.349277049303054810e-02 1.308887302875518799e-01
7.014319999143481255e-05 1.140017528086900711e-03 9.987898468971252441e-01
9.215265512466430664e-01 4.700874444097280502e-03 7.377256453037261963e-02
1.462817599531263113e-04 1.345927594229578972e-03 9.985077977180480957e-01
2.186112105846405029e-02 7.021469529718160629e-03 9.711174368858337402e-01
7.621953955094795674e-06 4.963388782925903797e-04 9.994960427284240723e-01
1.679343879222869873e-01 3.234615549445152283e-02 7.997194528579711914e-01
1.759861879691015929e-05 5.221526953391730785e-04 9.994602203369140625e-01
9.980925917625427246e-01 3.565327278920449317e-05 1.871740329079329967e-03
1.545868581160902977e-03 8.025530260056257248e-04 9.976515769958496094e-01
6.263847351074218750e-01 1.284555159509181976e-02 3.607697188854217529e-01
1.092031088774092495e-04 7.487228722311556339e-04 9.991420507431030273e-01
8.024872541427612305e-01 4.460879601538181305e-03 1.930518895387649536e-01
2.038188104052096605e-04 7.813210831955075264e-04 9.990148544311523438e-01
1.592117594555020332e-03 2.114046365022659302e-03 9.962938427925109863e-01
1.485754819441353902e-05 2.655732678249478340e-04 9.997195601463317871e-01
4.824543371796607971e-02 2.185225673019886017e-02 9.299023151397705078e-01
3.582688441383652389e-05 3.821811405941843987e-04 9.995819926261901855e-01
7.009256631135940552e-03 6.739379605278372765e-04 9.923167824745178223e-01
3.626442514359951019e-03 8.420874946750700474e-04 9.955314993858337402e-01
2.036254008999094367e-04 2.028333954513072968e-03 9.977680444717407227e-01
2.324267989024519920e-04 7.031491259112954140e-04 9.990644454956054688e-01
1.150262105511501431e-04 6.189609994180500507e-04 9.992660284042358398e-01
5.055080982856452465e-04 7.646503509022295475e-04 9.987298250198364258e-01
5.303658781485864893e-06 1.032599830068647861e-04 9.998914599418640137e-01
2.373214556428138167e-05 2.112312213284894824e-04 9.997650384902954102e-01
1.489952592237386853e-05 2.631794486660510302e-04 9.997219443321228027e-01
5.927285747020505369e-05 2.771009749267250299e-04 9.996636509895324707e-01
4.741887561976909637e-03 1.562641118653118610e-03 9.936954975128173828e-01
8.125174790620803833e-04 4.917646292597055435e-04 9.986957311630249023e-01
1.410979507454612758e-06 1.323976088315248489e-03 9.986746311187744141e-01
4.617253944161348045e-05 6.236575427465140820e-04 9.993301630020141602e-01
2.028939206866198219e-06 8.392690797336399555e-04 9.991586804389953613e-01
8.356464240932837129e-05 7.452163263224065304e-04 9.991711974143981934e-01
4.083498694740228530e-08 1.042996154865249991e-04 9.998956322669982910e-01
7.182065928645897657e-06 1.720199652481824160e-04 9.998207688331604004e-01
1.944638370332540944e-07 2.281787601532414556e-04 9.997716546058654785e-01
1.340157814411213621e-05 2.398095966782420874e-04 9.997467994689941406e-01
9.589306712150573730e-01 2.529279328882694244e-03 3.854006528854370117e-02
1.298109767958521843e-03 9.151665144599974155e-04 9.977867007255554199e-01
2.412354946136474609e-02 1.583700999617576599e-02 9.600394368171691895e-01
5.114513987791724503e-05 1.019247691147029400e-03 9.989296197891235352e-01
1.741435676813125610e-01 1.092154998332262039e-02 8.149349093437194824e-01
1.660437701502814889e-04 1.058366498909890652e-03 9.987756013870239258e-01
4.029371484648436308e-04 8.831741870380938053e-04 9.987139105796813965e-01
7.301684036065125838e-06 4.080598009750247002e-04 9.995846152305603027e-01
4.412027075886726379e-03 5.470497999340295792e-03 9.901174902915954590e-01
1.511624577688053250e-05 4.200982220936566591e-04 9.995647668838500977e-01
9.997304677963256836e-01 1.435426838725106791e-05 2.551484503783285618e-04
1.839859411120414734e-03 7.193643250502645969e-04 9.974407553672790527e-01
8.321932554244995117e-01 2.310455311089754105e-03 1.654962897300720215e-01
8.096947567537426949e-05 8.284607320092618465e-04 9.990905523300170898e-01
9.673098921775817871e-01 5.192691460251808167e-04 3.217082843184471130e-02
2.268557291245087981e-04 8.207227219827473164e-04 9.989524483680725098e-01
1.212788466364145279e-02 9.887528140097856522e-04 9.868833422660827637e-01
1.438922754459781572e-05 3.022397286258637905e-04 9.996833801269531250e-01
1.937226057052612305e-01 6.410851608961820602e-03 7.998665571212768555e-01
3.294605267001315951e-05 3.928148362319916487e-04 9.995742440223693848e-01
5.298318341374397278e-03 1.466811518184840679e-03 9.932348728179931641e-01
2.546383766457438469e-03 5.581715959124267101e-04 9.968954324722290039e-01
2.740620220720302314e-05 2.524456358514726162e-04 9.997201561927795410e-01
1.242846483364701271e-04 6.715991185046732426e-04 9.992040991783142090e-01
8.201607852242887020e-05 2.490301267243921757e-04 9.996689558029174805e-01
4.505773831624537706e-04 8.221117313951253891e-04 9.987273216247558594e-01
2.157497874577529728e-06 6.004751776345074177e-05 9.999377727508544922e-01
1.675331623118836433e-05 2.450027968734502792e-04 9.997382164001464844e-01
3.296240493000368588e-06 5.447739022201858461e-05 9.999422430992126465e-01
3.785867374972440302e-05 3.723551344592124224e-04 9.995898008346557617e-01
2.138872165232896805e-03 1.055918051861226559e-03 9.968051910400390625e-01
1.233087503351271152e-03 4.672877548728138208e-04 9.982995986938476562e-01
8.228412298194598407e-07 5.300253978930413723e-04 9.994691610336303711e-01
4.909160270472057164e-05 7.793337572365999222e-04 9.991715550422668457e-01
4.694149083661613986e-06 1.012473832815885544e-03 9.989828467369079590e-01
1.172885749838314950e-04 7.448521791957318783e-04 9.991378784179687500e-01
4.618873106210230617e-08 3.466042107902467251e-05 9.999653100967407227e-01
8.318901564052794129e-06 1.621910050744190812e-04 9.998294711112976074e-01
1.217690481780664413e-07 7.422033377224579453e-05 9.999256730079650879e-01
1.781736500561237335e-05 2.395738410996273160e-04 9.997426271438598633e-01
9.473332166671752930e-01 3.999810665845870972e-03 4.866699129343032837e-02
1.031862106174230576e-03 4.597941006068140268e-04 9.985083341598510742e-01
1.445521018467843533e-03 1.558470353484153748e-02 9.829697608947753906e-01
7.546231063315644860e-05 6.992184207774698734e-04 9.992253184318542480e-01
1.009974861517548561e-03 3.303473582491278648e-03 9.956865310668945312e-01
1.476741599617525935e-04 9.837477700784802437e-04 9.988685846328735352e-01
4.255197200109250844e-05 1.379580353386700153e-03 9.985778927803039551e-01
1.523461651231627911e-05 3.627612313721328974e-04 9.996219873428344727e-01
7.593193731736391783e-05 2.752696629613637924e-03 9.971713423728942871e-01
4.162391996942460537e-05 4.576946375891566277e-04 9.995006918907165527e-01
9.863963127136230469e-01 1.500189537182450294e-04 1.345364190638065338e-02
2.118131844326853752e-03 3.682332462631165981e-04 9.975136518478393555e-01
1.860798452980816364e-03 5.710929166525602341e-03 9.924282431602478027e-01
1.376426807837560773e-04 5.111032514832913876e-04 9.993512630462646484e-01
1.485871616750955582e-03 1.438286737538874149e-03 9.970758557319641113e-01
2.578804269433021545e-04 7.912735454738140106e-04 9.989508390426635742e-01
7.299581193365156651e-05 8.270637481473386288e-04 9.990999698638916016e-01
3.638236375991255045e-05 1.881269854493439198e-04 9.997754693031311035e-01
3.003646561410278082e-04 2.213847357779741287e-03 9.974858164787292480e-01
8.747704123379662633e-05 2.832934842444956303e-04 9.996292591094970703e-01
2.952039428055286407e-02 1.402789168059825897e-02 9.564517140388488770e-01
1.588848070241510868e-03 3.390652709640562534e-04 9.980720877647399902e-01
1.315138524660142139e-05 1.372783910483121872e-03 9.986140727996826172e-01
9.049766958924010396e-05 4.749799263663589954e-04 9.994345307350158691e-01
6.423755166906630620e-06 3.076988505199551582e-04 9.996858835220336914e-01
2.015961945289745927e-04 6.629080744460225105e-04 9.991354942321777344e-01
2.692456746444804594e-07 1.407203235430642962e-04 9.998590350151062012e-01
1.894850356620736420e-05 2.133201487595215440e-04 9.997677206993103027e-01
1.036897060657793190e-06 1.803000923246145248e-04 9.998186826705932617e-01
5.329861232894472778e-05 3.630842256825417280e-04 9.995836019515991211e-01
3.384410217404365540e-02 5.395154003053903580e-03 9.607607126235961914e-01
2.100795740261673927e-03 2.843734691850841045e-04 9.976148605346679688e-01
3.948531229980289936e-05 2.606386551633477211e-03 9.973541498184204102e-01
1.624628494028002024e-04 5.094247753731906414e-04 9.993281364440917969e-01
1.339912068942794576e-05 3.677744243759661913e-04 9.996188282966613770e-01
3.749961033463478088e-04 6.366633460856974125e-04 9.989883303642272949e-01
8.119988592625304591e-07 7.581391400890424848e-05 9.999233484268188477e-01
3.275780545664019883e-05 1.674943487159907818e-04 9.997997283935546875e-01
1.620146008463052567e-06 2.136817347491160035e-04 9.997847080230712891e-01
1.016462629195302725e-04 2.426929568173363805e-04 9.996556639671325684e-01
