3.876739356201142073e-04 1.364538520574569702e-01 8.631584644317626953e-01
3.876739356201142073e-04 1.364538520574569702e-01 8.631584644317626953e-01
6.133154965937137604e-04 1.405518054962158203e-01 8.588348627090454102e-01
6.133154383860528469e-04 1.405518651008605957e-01 8.588348031044006348e-01
3.335730871185660362e-04 2.146293967962265015e-01 7.850370407104492188e-01
3.335729415994137526e-04 2.146293520927429199e-01 7.850371003150939941e-01
1.830458932090550661e-04 3.800681978464126587e-02 9.618101119995117188e-01
1.830458932090550661e-04 3.800683841109275818e-02 9.618101119995117188e-01
3.944465133827179670e-04 1.841879189014434814e-01 8.154176473617553711e-01
3.944466589018702507e-04 1.841879636049270630e-01 8.154175877571105957e-01
2.728435501921921968e-04 9.606844186782836914e-02 9.036586880683898926e-01
2.728437830228358507e-04 9.606847912073135376e-02 9.036586880683898926e-01
2.663738850969821215e-04 6.326684355735778809e-02 9.364668130874633789e-01
2.663738559931516647e-04 6.326687335968017578e-02 9.364667534828186035e-01
3.911318781320005655e-04 2.264074385166168213e-01 7.732014060020446777e-01
3.911317035090178251e-04 2.264073938131332397e-01 7.732014656066894531e-01
2.999899152200669050e-04 3.972350805997848511e-02 9.599764943122863770e-01
2.999899152200669050e-04 3.972350805997848511e-02 9.599764943122863770e-01
1.444524241378530860e-04 7.798183709383010864e-02 9.218736886978149414e-01
1.444524241378530860e-04 7.798180729150772095e-02 9.218737483024597168e-01
6.857358675915747881e-05 3.093337826430797577e-02 9.689980745315551758e-01
6.857358675915747881e-05 3.093337826430797577e-02 9.689980745315551758e-01
6.100285827415063977e-05 2.366838790476322174e-02 9.762706160545349121e-01
6.100285827415063977e-05 2.366839908063411713e-02 9.762706160545349121e-01
8.986301691038534045e-05 9.794855862855911255e-02 9.019615650177001953e-01
8.986301691038534045e-05 9.794855862855911255e-02 9.019615650177001953e-01
2.116373070748522878e-05 5.860817153006792068e-03 9.941180348396301270e-01
2.116375071636866778e-05 5.860819946974515915e-03 9.941180348396301270e-01
6.094377749832347035e-05 4.917873814702033997e-02 9.507603049278259277e-01
6.094378113630227745e-05 4.917871952056884766e-02 9.507603645324707031e-01
5.292012701829662547e-06 4.555114544928073883e-03 9.954395890235900879e-01
5.292012701829662547e-06 4.555112216621637344e-03 9.954395890235900879e-01
3.073813786613754928e-06 2.842260291799902916e-03 9.971546530723571777e-01
3.073816742471535690e-06 2.842261688783764839e-03 9.971546530723571777e-01
1.950791738636326045e-05 3.796871006488800049e-02 9.620117545127868652e-01
1.950791738636326045e-05 3.796871006488800049e-02 9.620117545127868652e-01
1.997040044443565421e-06 1.693449914455413818e-03 9.983045458793640137e-01
1.997041863432968967e-06 1.693450729362666607e-03 9.983045458793640137e-01
2.700656523302313872e-06 5.888738203793764114e-03 9.941085577011108398e-01
2.700654022191883996e-06 5.888732615858316422e-03 9.941085577011108398e-01
3.876739356201142073e-04 1.364538520574569702e-01 8.631584644317626953e-01
3.876739356201142073e-04 1.364538520574569702e-01 8.631584644317626953e-01
6.133154965937137604e-04 1.405518054962158203e-01 8.588348627090454102e-01
6.133154383860528469e-04 1.405518651008605957e-01 8.588348031044006348e-01
3.335730871185660362e-04 2.146293967962265015e-01 7.850370407104492188e-01
3.335729415994137526e-04 2.146293520927429199e-01 7.850371003150939941e-01
1.830458932090550661e-04 3.800681978464126587e-02 9.618101119995117188e-01
1.830458932090550661e-04 3.800683841109275818e-02 9.618101119995117188e-01
3.944465133827179670e-04 1.841879189014434814e-01 8.154176473617553711e-01
3.944466589018702507e-04 1.841879636049270630e-01 8.154175877571105957e-01
4.089269204996526241e-04 1.346737742424011230e-01 8.649172782897949219e-01
4.089269204996526241e-04 1.346738040447235107e-01 8.649172782897949219e-01
3.594962181523442268e-04 9.719903767108917236e-02 9.024414420127868652e-01
3.594962181523442268e-04 9.719903767108917236e-02 9.024414420127868652e-01
2.993046946357935667e-04 1.547375917434692383e-01 8.449630737304687500e-01
2.993046655319631100e-04 1.547376662492752075e-01 8.449630141258239746e-01
1.270771172130480409e-04 3.111824579536914825e-02 9.687546491622924805e-01
1.270771317649632692e-04 3.111822716891765594e-02 9.687547087669372559e-01
4.494487657211720943e-04 1.594679057598114014e-01 8.400826454162597656e-01
4.494484164752066135e-04 1.594678461551666260e-01 8.400827050209045410e-01
6.255931657506152987e-05 3.765207901597023010e-02 9.622853398323059082e-01
6.255931657506152987e-05 3.765209391713142395e-02 9.622853398323059082e-01
9.786216833163052797e-05 3.742224350571632385e-02 9.624798893928527832e-01
9.786216833163052797e-05 3.742224350571632385e-02 9.624798893928527832e-01
6.211113941390067339e-05 5.965615436434745789e-02 9.402817487716674805e-01
6.211113941390067339e-05 5.965612828731536865e-02 9.402817487716674805e-01
1.492726460128324106e-05 5.818120669573545456e-03 9.941669702529907227e-01
1.492727824370376766e-05 5.818123463541269302e-03 9.941669702529907227e-01
1.791083923308178782e-04 9.997903555631637573e-02 8.998418450355529785e-01
1.791083923308178782e-04 9.997905790805816650e-02 8.998418450355529785e-01
1.920932299981359392e-05 2.886915020644664764e-02 9.711116552352905273e-01
1.920932299981359392e-05 2.886915020644664764e-02 9.711116552352905273e-01
3.152934004901908338e-05 3.416988998651504517e-02 9.657985568046569824e-01
3.152934004901908338e-05 3.416987508535385132e-02 9.657986164093017578e-01
6.304270209511741996e-05 1.202656030654907227e-01 8.796713352203369141e-01
6.304269481915980577e-05 1.202656477689743042e-01 8.796713352203369141e-01
3.236831616959534585e-05 1.958919130265712738e-02 9.803784489631652832e-01
3.236831616959534585e-05 1.958919875323772430e-02 9.803784489631652832e-01
3.402138099772855639e-05 7.256697118282318115e-02 9.273989796638488770e-01
3.402138099772855639e-05 7.256697118282318115e-02 9.273989796638488770e-01
2.728435501921921968e-04 9.606844186782836914e-02 9.036586880683898926e-01
2.728437830228358507e-04 9.606847912073135376e-02 9.036586880683898926e-01
2.663738850969821215e-04 6.326684355735778809e-02 9.364668130874633789e-01
2.663738559931516647e-04 6.326687335968017578e-02 9.364667534828186035e-01
3.911318781320005655e-04 2.264074385166168213e-01 7.732014060020446777e-01
3.911317035090178251e-04 2.264073938131332397e-01 7.732014656066894531e-01
2.999899152200669050e-04 3.972350805997848511e-02 9.599764943122863770e-01
2.999899152200669050e-04 3.972350805997848511e-02 9.599764943122863770e-01
1.444524241378530860e-04 7.798183709383010864e-02 9.218736886978149414e-01
1.444524241378530860e-04 7.798180729150772095e-02 9.218737483024597168e-01
4.089269204996526241e-04 1.346737742424011230e-01 8.649172782897949219e-01
4.089269204996526241e-04 1.346738040447235107e-01 8.649172782897949219e-01
3.594962181523442268e-04 9.719903767108917236e-02 9.024414420127868652e-01
3.594962181523442268e-04 9.719903767108917236e-02 9.024414420127868652e-01
2.993046946357935667e-04 1.547375917434692383e-01 8.449630737304687500e-01
2.993046655319631100e-04 1.547376662492752075e-01 8.449630141258239746e-01
1.270771172130480409e-04 3.111824579536914825e-02 9.687546491622924805e-01
1.270771317649632692e-04 3.111822716891765594e-02 9.687547087669372559e-01
4.494487657211720943e-04 1.594679057598114014e-01 8.400826454162597656e-01
4.494484164752066135e-04 1.594678461551666260e-01 8.400827050209045410e-01
1.050330683938227594e-05 8.610453456640243530e-03 9.913790225982666016e-01
1.050330683938227594e-05 8.610453456640243530e-03 9.913790225982666016e-01
1.012550455925520509e-05 5.673860199749469757e-03 9.943160414695739746e-01
1.012550455925520509e-05 5.673860199749469757e-03 9.943160414695739746e-01
2.020757165155373514e-05 2.649286575615406036e-02 9.734869003295898438e-01
2.020757165155373514e-05 2.649286575615406036e-02 9.734869003295898438e-01
1.583536140969954431e-05 3.293999470770359039e-03 9.966901540756225586e-01
1.583536140969954431e-05 3.293999470770359039e-03 9.966901540756225586e-01
1.291049647988984361e-05 1.207072194665670395e-02 9.879163503646850586e-01
1.291049647988984361e-05 1.207072194665670395e-02 9.879163503646850586e-01
5.380525749387743417e-07 1.412953017279505730e-03 9.985865354537963867e-01
5.380525749387743417e-07 1.412953017279505730e-03 9.985865354537963867e-01
4.887432396571966819e-07 8.128510089591145515e-04 9.991866350173950195e-01
4.887432396571966819e-07 8.128517656587064266e-04 9.991866350173950195e-01
2.769676257230457850e-06 9.627073071897029877e-03 9.903701543807983398e-01
2.769676257230457850e-06 9.627073071897029877e-03 9.903701543807983398e-01
1.308580976910889149e-06 7.053727167658507824e-04 9.992933273315429688e-01
1.308580976910889149e-06 7.053723675198853016e-04 9.992933273315429688e-01
9.745385796122718602e-07 3.683688817545771599e-03 9.963153600692749023e-01
9.745385796122718602e-07 3.683688817545771599e-03 9.963153600692749023e-01
6.857358675915747881e-05 3.093337826430797577e-02 9.689980745315551758e-01
6.857358675915747881e-05 3.093337826430797577e-02 9.689980745315551758e-01
6.100285827415063977e-05 2.366838790476322174e-02 9.762706160545349121e-01
6.100285827415063977e-05 2.366839908063411713e-02 9.762706160545349121e-01
8.986301691038534045e-05 9.794855862855911255e-02 9.019615650177001953e-01
8.986301691038534045e-05 9.794855862855911255e-02 9.019615650177001953e-01
2.116373070748522878e-05 5.860817153006792068e-03 9.941180348396301270e-01
2.116375071636866778e-05 5.860819946974515915e-03 9.941180348396301270e-01
6.094377749832347035e-05 4.917873814702033997e-02 9.507603049278259277e-01
6.094378113630227745e-05 4.917871952056884766e-02 9.507603645324707031e-01
6.255931657506152987e-05 3.765207901597023010e-02 9.622853398323059082e-01
6.255931657506152987e-05 3.765209391713142395e-02 9.622853398323059082e-01
9.786216833163052797e-05 3.742224350571632385e-02 9.624798893928527832e-01
9.786216833163052797e-05 3.742224350571632385e-02 9.624798893928527832e-01
6.211113941390067339e-05 5.965615436434745789e-02 9.402817487716674805e-01
6.211113941390067339e-05 5.965612828731536865e-02 9.402817487716674805e-01
1.492726460128324106e-05 5.818120669573545456e-03 9.941669702529907227e-01
1.492727824370376766e-05 5.818123463541269302e-03 9.941669702529907227e-01
1.791083923308178782e-04 9.997903555631637573e-02 8.998418450355529785e-01
1.791083923308178782e-04 9.997905790805816650e-02 8.998418450355529785e-01
1.050330683938227594e-05 8.610453456640243530e-03 9.913790225982666016e-01
1.050330683938227594e-05 8.610453456640243530e-03 9.913790225982666016e-01
1.012550455925520509e-05 5.673860199749469757e-03 9.943160414695739746e-01
1.012550455925520509e-05 5.673860199749469757e-03 9.943160414695739746e-01
2.020757165155373514e-05 2.649286575615406036e-02 9.734869003295898438e-01
2.020757165155373514e-05 2.649286575615406036e-02 9.734869003295898438e-01
1.583536140969954431e-05 3.293999470770359039e-03 9.966901540756225586e-01
1.583536140969954431e-05 3.293999470770359039e-03 9.966901540756225586e-01
1.291049647988984361e-05 1.207072194665670395e-02 9.879163503646850586e-01
1.291049647988984361e-05 1.207072194665670395e-02 9.879163503646850586e-01
1.570925149962931755e-07 4.046042740810662508e-04 9.995952248573303223e-01
1.570925149962931755e-07 4.046042740810662508e-04 9.995952248573303223e-01
1.987046971407835372e-07 4.040675121359527111e-04 9.995957612991333008e-01
1.987046971407835372e-07 4.040675121359527111e-04 9.995957612991333008e-01
1.136395439971238375e-06 5.659531336277723312e-03 9.943393468856811523e-01
1.136395439971238375e-06 5.659531336277723312e-03 9.943393468856811523e-01
2.261159011140989605e-07 2.731491404119879007e-04 9.997266530990600586e-01
2.261159011140989605e-07 2.731491404119879007e-04 9.997266530990600586e-01
4.266754842774389545e-07 1.759485458023846149e-03 9.982401132583618164e-01
4.266750863735069288e-07 1.759484526701271534e-03 9.982401132583618164e-01
5.292012701829662547e-06 4.555114544928073883e-03 9.954395890235900879e-01
5.292012701829662547e-06 4.555112216621637344e-03 9.954395890235900879e-01
3.073813786613754928e-06 2.842260291799902916e-03 9.971546530723571777e-01
3.073816742471535690e-06 2.842261688783764839e-03 9.971546530723571777e-01
1.950791738636326045e-05 3.796871006488800049e-02 9.620117545127868652e-01
1.950791738636326045e-05 3.796871006488800049e-02 9.620117545127868652e-01
1.997040044443565421e-06 1.693449914455413818e-03 9.983045458793640137e-01
1.997041863432968967e-06 1.693450729362666607e-03 9.983045458793640137e-01
2.700656523302313872e-06 5.888738203793764114e-03 9.941085577011108398e-01
2.700654022191883996e-06 5.888732615858316422e-03 9.941085577011108398e-01
1.920932299981359392e-05 2.886915020644664764e-02 9.711116552352905273e-01
1.920932299981359392e-05 2.886915020644664764e-02 9.711116552352905273e-01
3.152934004901908338e-05 3.416988998651504517e-02 9.657985568046569824e-01
3.152934004901908338e-05 3.416987508535385132e-02 9.657986164093017578e-01
6.304270209511741996e-05 1.202656030654907227e-01 8.796713352203369141e-01
6.304269481915980577e-05 1.202656477689743042e-01 8.796713352203369141e-01
3.236831616959534585e-05 1.958919130265712738e-02 9.803784489631652832e-01
3.236831616959534585e-05 1.958919875323772430e-02 9.803784489631652832e-01
3.402138099772855639e-05 7.256697118282318115e-02 9.273989796638488770e-01
3.402138099772855639e-05 7.256697118282318115e-02 9.273989796638488770e-01
5.380525749387743417e-07 1.412953017279505730e-03 9.985865354537963867e-01
5.380525749387743417e-07 1.412953017279505730e-03 9.985865354537963867e-01
4.887432396571966819e-07 8.128510089591145515e-04 9.991866350173950195e-01
4.887432396571966819e-07 8.128517656587064266e-04 9.991866350173950195e-01
2.769676257230457850e-06 9.627073071897029877e-03 9.903701543807983398e-01
2.769676257230457850e-06 9.627073071897029877e-03 9.903701543807983398e-01
1.308580976910889149e-06 7.053727167658507824e-04 9.992933273315429688e-01
1.308580976910889149e-06 7.053723675198853016e-04 9.992933273315429688e-01
9.745385796122718602e-07 3.683688817545771599e-03 9.963153600692749023e-01
9.745385796122718602e-07 3.683688817545771599e-03 9.963153600692749023e-01
1.570925149962931755e-07 4.046042740810662508e-04 9.995952248573303223e-01
1.570925149962931755e-07 4.046042740810662508e-04 9.995952248573303223e-01
1.987046971407835372e-07 4.040675121359527111e-04 9.995957612991333008e-01
1.987046971407835372e-07 4.040675121359527111e-04 9.995957612991333008e-01
1.136395439971238375e-06 5.659531336277723312e-03 9.943393468856811523e-01
1.136395439971238375e-06 5.659531336277723312e-03 9.943393468856811523e-01
2.261159011140989605e-07 2.731491404119879007e-04 9.997266530990600586e-01
2.261159011140989605e-07 2.731491404119879007e-04 9.997266530990600586e-01
4.266754842774389545e-07 1.759485458023846149e-03 9.982401132583618164e-01
4.266750863735069288e-07 1.759484526701271534e-03 9.982401132583618164e-01
