1.083900569938123226e-03 2.509937787123495134e-12 9.989160895347595215e-01
1.407443717127421223e-09 4.368216400575664071e-13 1.000000000000000000e+00
3.256357161148981868e-18 2.727412219682978645e-11 1.000000000000000000e+00
2.057457808271796373e-20 2.672101906062152032e-13 1.000000000000000000e+00
2.059559764215884020e-15 9.186091557561448795e-13 1.000000000000000000e+00
7.173828020948865188e-16 1.962348469483621294e-13 1.000000000000000000e+00
1.636771393968054482e-22 8.461764275380367906e-14 1.000000000000000000e+00
2.192474171904792166e-22 3.848551455277147981e-14 1.000000000000000000e+00
6.636099883110887886e-23 1.088592581420348704e-13 1.000000000000000000e+00
8.383670388422961284e-22 6.338354320567507472e-14 1.000000000000000000e+00
1.000000000000000000e+00 6.378286305819827272e-19 1.354607479788980107e-13
2.142326593901344722e-11 2.016639080119203564e-13 1.000000000000000000e+00
9.999998211860656738e-01 3.265948641628484139e-14 1.517561543096235255e-07
3.776769907368820765e-22 1.440243188382747674e-13 1.000000000000000000e+00
1.000000000000000000e+00 1.229127938117551371e-18 1.127966318438533566e-12
4.413917225873292146e-18 2.182445711781597075e-13 1.000000000000000000e+00
3.312805201858282089e-04 1.526101185526929083e-12 9.996687173843383789e-01
4.725721424280043277e-23 6.860077826978394633e-14 1.000000000000000000e+00
9.195082187652587891e-01 2.882920952743811549e-13 8.049175888299942017e-02
1.248509328765397550e-23 6.967390802758294255e-14 1.000000000000000000e+00
1.000000000000000000e+00 3.439441339192722633e-16 2.197797499547959887e-09
4.297529693220170088e-11 3.495529603617097969e-13 1.000000000000000000e+00
3.326437436612650345e-08 1.519444197128905216e-07 9.999998211860656738e-01
9.525271520264379618e-22 1.583941175919631461e-13 1.000000000000000000e+00
9.999665021896362305e-01 2.017518964392284175e-12 3.347903111716732383e-05
3.946677887581997806e-17 2.891623843582352693e-13 1.000000000000000000e+00
1.660626558410305958e-14 2.476065142850703005e-13 1.000000000000000000e+00
1.706094218399469962e-22 6.916889343190277262e-14 1.000000000000000000e+00
2.299770963942737723e-11 1.307767696218098408e-12 1.000000000000000000e+00
3.922052337690584726e-23 6.928218578266392980e-14 1.000000000000000000e+00
9.993692636489868164e-01 3.635186227556042038e-13 6.307578878477215767e-04
4.088637523165516985e-13 3.025561572111978847e-13 1.000000000000000000e+00
3.240778351684887852e-19 1.548979000620676061e-10 1.000000000000000000e+00
5.916880880780235357e-22 7.547990010792204885e-13 1.000000000000000000e+00
2.844673544234710937e-15 6.026463772457191226e-10 1.000000000000000000e+00
6.472455131692278171e-19 1.301765010890132412e-12 1.000000000000000000e+00
3.689618826479410418e-22 1.145486022658889769e-13 1.000000000000000000e+00
1.069725553520707660e-22 9.076468282477254124e-14 1.000000000000000000e+00
6.652647818319709051e-24 1.513775812599787995e-13 1.000000000000000000e+00
1.417896224461530956e-23 8.630270299401707201e-14 1.000000000000000000e+00
9.431770013179630041e-05 2.145001841077909255e-12 9.999057054519653320e-01
3.198860898390165630e-10 2.588329398901800804e-13 1.000000000000000000e+00
3.298503791796875617e-17 1.470013000215431020e-11 1.000000000000000000e+00
6.857453940095896607e-20 2.279053139785103266e-13 1.000000000000000000e+00
3.039282584285651900e-12 1.620922797027080087e-12 1.000000000000000000e+00
1.793923354049403729e-13 1.564416185571154694e-13 1.000000000000000000e+00
1.981628085489593274e-21 6.271312679231866305e-14 1.000000000000000000e+00
6.670799160650046235e-22 5.326486728898446876e-14 1.000000000000000000e+00
3.253086879979033598e-21 7.980675311141521844e-14 1.000000000000000000e+00
4.057313634430498228e-21 6.411784623204519473e-14 1.000000000000000000e+00
1.000000000000000000e+00 8.051502079013263197e-20 9.799320244141540570e-10
1.549626121866154449e-10 1.016752803370372937e-13 1.000000000000000000e+00
9.999122023582458496e-01 4.776070489619088644e-14 8.781261567492038012e-05
1.148888237608841052e-21 7.544157898213554869e-14 1.000000000000000000e+00
1.000000000000000000e+00 5.805767720501968845e-19 1.139798932320301716e-11
1.256972276830352125e-16 7.580809352654427347e-14 1.000000000000000000e+00
6.037557565008455640e-09 2.940998681567885686e-14 1.000000000000000000e+00
1.292591633455616702e-22 5.247699112276640876e-14 1.000000000000000000e+00
3.645219206809997559e-01 3.753342241500333409e-14 6.354780793190002441e-01
8.689246704112993301e-23 5.846420624098375152e-14 1.000000000000000000e+00
1.000000000000000000e+00 1.079285811590098443e-19 2.316304483288011973e-12
5.379156148288544159e-11 1.054589087497864730e-13 1.000000000000000000e+00
1.000000000000000000e+00 8.892415254582681844e-17 1.743350352967354411e-08
1.928544739031283059e-21 6.833398322018957582e-14 1.000000000000000000e+00
1.000000000000000000e+00 2.098462863758411881e-19 1.803114190075671974e-12
2.154951741232936468e-16 5.577023150476860536e-14 1.000000000000000000e+00
8.620542287826538086e-01 2.255083555804146371e-15 1.379457712173461914e-01
9.825944781438537167e-23 2.132486082249279713e-14 1.000000000000000000e+00
9.999425411224365234e-01 5.888295116626078140e-18 5.748202238464727998e-05
3.155645569275783801e-22 5.018519101803939342e-14 1.000000000000000000e+00
9.999960660934448242e-01 6.220842815978015367e-19 3.923933945770841092e-06
7.662983095291231450e-12 9.075568394674091155e-14 1.000000000000000000e+00
2.012190349249831934e-20 4.255453140474679818e-13 1.000000000000000000e+00
1.527991640323656521e-22 9.506470995601298823e-14 1.000000000000000000e+00
7.619132511320000911e-15 1.413460321009196718e-11 1.000000000000000000e+00
7.854589149255600731e-19 1.087046847935563276e-13 1.000000000000000000e+00
2.395994984306530126e-22 2.804661783037138562e-14 1.000000000000000000e+00
4.296997294853407460e-22 6.112149089805563040e-14 1.000000000000000000e+00
1.731494277370138189e-22 2.915975295426920244e-14 1.000000000000000000e+00
2.728515633075291023e-22 6.041205675901689665e-14 1.000000000000000000e+00
1.000000000000000000e+00 2.117504561459382579e-19 1.215414487804045152e-12
5.619751625857150046e-12 2.904641588016843023e-13 1.000000000000000000e+00
9.210518598556518555e-01 1.376121616658565472e-08 7.894811034202575684e-02
1.933030416708535952e-21 1.886826605330613194e-13 1.000000000000000000e+00
1.000000000000000000e+00 7.533146411665733841e-17 1.153772521966800468e-09
8.167391116807708065e-18 1.493132332185120870e-13 1.000000000000000000e+00
4.519132290603522506e-11 2.833121378557207359e-13 1.000000000000000000e+00
3.996573061289810080e-22 7.693202493238779360e-14 1.000000000000000000e+00
3.199891070835292339e-04 3.598125963844012176e-11 9.996799826622009277e-01
8.871313907771830295e-23 7.080959625073435237e-14 1.000000000000000000e+00
1.000000000000000000e+00 4.760613125819912928e-20 3.639778256570025405e-09
6.095111828446908575e-12 1.255622667471756326e-13 1.000000000000000000e+00
2.006166469072923064e-04 5.730089319699871453e-11 9.997993707656860352e-01
1.610542160144464829e-21 9.263556854108637162e-14 1.000000000000000000e+00
9.999906420707702637e-01 2.867284612305631654e-16 9.345034413854591548e-06
1.504850707531356687e-18 7.187339509358639522e-14 1.000000000000000000e+00
2.447958718379736378e-18 3.314900708529383566e-14 1.000000000000000000e+00
2.680829306899042947e-22 4.424082560255775121e-14 1.000000000000000000e+00
1.278879446786618246e-09 4.218505156739632556e-13 1.000000000000000000e+00
3.154261465485919222e-22 5.981891685550438931e-14 1.000000000000000000e+00
1.814555162127362564e-06 4.566704612661738605e-14 9.999982118606567383e-01
7.057424511458521010e-08 1.542416774814522884e-13 9.999999403953552246e-01
2.350853712737142288e-22 3.664183214659166854e-14 1.000000000000000000e+00
2.061031971688107044e-20 6.313956383554794605e-14 1.000000000000000000e+00
2.724681755949271442e-19 3.295283086657795069e-14 1.000000000000000000e+00
4.224058440267103309e-14 4.852189952457043598e-14 1.000000000000000000e+00
6.183378920491790979e-23 2.162101233997310717e-14 1.000000000000000000e+00
9.980615060429214642e-21 3.364753340859803765e-14 1.000000000000000000e+00
9.539079615331623374e-24 2.501975067555582688e-14 1.000000000000000000e+00
4.524260159832236747e-20 6.076776316301865655e-14 1.000000000000000000e+00
6.629995441542746448e-10 9.079203860083706612e-14 1.000000000000000000e+00
1.112950731574358088e-09 1.362887531780251904e-13 1.000000000000000000e+00
1.722748834226732559e-25 3.075803636310228684e-14 1.000000000000000000e+00
1.967565005334233121e-21 1.071323138166456468e-13 1.000000000000000000e+00
3.451622926863473393e-25 4.155541606350524053e-14 1.000000000000000000e+00
8.769621616138164970e-18 1.301481437811918829e-13 1.000000000000000000e+00
1.095551289724442196e-25 2.215608305275364870e-14 1.000000000000000000e+00
9.581618352733152951e-21 7.539209192922516345e-14 1.000000000000000000e+00
9.792813274229501479e-26 2.328066159176887112e-14 1.000000000000000000e+00
1.647615946873661874e-21 6.935291642189145289e-14 1.000000000000000000e+00
1.000000000000000000e+00 2.604837276950399067e-16 2.814647181992313563e-09
1.077159628853907591e-11 3.006927660424013604e-13 1.000000000000000000e+00
1.546202529279969672e-16 1.733036977813462443e-11 1.000000000000000000e+00
1.600253697379053074e-21 1.495255471089390609e-13 1.000000000000000000e+00
2.828754670917987823e-02 2.568142400127815250e-11 9.717124700546264648e-01
1.351134017900856507e-17 1.437679727871177260e-13 1.000000000000000000e+00
9.103214664989216086e-19 4.533542933963553845e-14 1.000000000000000000e+00
4.065259243416275996e-22 7.539583242672023844e-14 1.000000000000000000e+00
1.383208296877179878e-15 1.525884317987377670e-13 1.000000000000000000e+00
1.218778991404917728e-22 7.142868924375073147e-14 1.000000000000000000e+00
1.000000000000000000e+00 8.704088774945928340e-20 3.911369058501312779e-12
4.811809371091380072e-12 1.200669744834056973e-13 1.000000000000000000e+00
8.477202057838439941e-01 1.082088723638151284e-13 1.522797644138336182e-01
9.418501405553250289e-22 6.678630494775725235e-14 1.000000000000000000e+00
9.999998807907104492e-01 3.803406700309967719e-19 1.225017740580369718e-07
1.358332205629838895e-18 3.706965493572265957e-14 1.000000000000000000e+00
6.349054615384375211e-09 1.803370414154084611e-14 1.000000000000000000e+00
1.036920362569421169e-22 2.034521978514815255e-14 1.000000000000000000e+00
4.326277077198028564e-01 3.200540079815149264e-14 5.673723220825195312e-01
2.287111984546856839e-22 4.555785680345272870e-14 1.000000000000000000e+00
1.441293084880612696e-09 6.060501764066500430e-14 1.000000000000000000e+00
2.738389355272374814e-07 1.253968446007086568e-13 9.999997019767761230e-01
1.476124098914247412e-22 2.607270749668301468e-14 1.000000000000000000e+00
5.074433575657097517e-21 6.686724063993329525e-14 1.000000000000000000e+00
3.181554804765505299e-18 2.973646380673676537e-14 1.000000000000000000e+00
2.158145928946812037e-14 4.336999102948560503e-14 1.000000000000000000e+00
1.374576243395681181e-23 1.542218975680680060e-14 1.000000000000000000e+00
3.173925129902211987e-21 4.563177567469371698e-14 1.000000000000000000e+00
9.713427341716329635e-24 2.182860825688387463e-14 1.000000000000000000e+00
4.212811068790179763e-21 6.537198354254064592e-14 1.000000000000000000e+00
3.190398520456355635e-13 6.117105926612895206e-14 1.000000000000000000e+00
1.193075505057095143e-08 1.352714869371635098e-13 1.000000000000000000e+00
1.800074952308759189e-25 2.441477602770428246e-14 1.000000000000000000e+00
1.250808258769828831e-21 9.034325344032742566e-14 1.000000000000000000e+00
7.582328875377402589e-25 4.270924773238683747e-14 1.000000000000000000e+00
6.296265557820906707e-18 6.823148545730822745e-14 1.000000000000000000e+00
1.195527576547627127e-25 2.105954130429254362e-14 1.000000000000000000e+00
3.237290678725790124e-21 7.072509624391626337e-14 1.000000000000000000e+00
9.954695543849421752e-26 2.153281757543909491e-14 1.000000000000000000e+00
2.474591379860685184e-21 6.966540381679250937e-14 1.000000000000000000e+00
1.000000000000000000e+00 7.155598283737176542e-16 2.730323189759076286e-10
5.207142717011947752e-09 2.981030407332024845e-13 1.000000000000000000e+00
8.330384574969444510e-18 2.672377430457117953e-09 1.000000000000000000e+00
9.262446189735592323e-21 2.684904707415947112e-13 1.000000000000000000e+00
3.813684582789110067e-16 4.209103985491902122e-12 1.000000000000000000e+00
1.595953009436951002e-17 2.692427715240280905e-13 1.000000000000000000e+00
9.490277095150698259e-21 2.229981878407866214e-13 1.000000000000000000e+00
1.940004785196515403e-20 1.002934985495224085e-13 1.000000000000000000e+00
5.858150754366382787e-22 4.103817979883572775e-13 1.000000000000000000e+00
4.580543015050507931e-20 8.905685433893695269e-14 1.000000000000000000e+00
1.000000000000000000e+00 6.366808528585800456e-20 7.536971047272800206e-09
1.808843563821938005e-07 1.026738305378964433e-13 9.999998211860656738e-01
7.641409195764200129e-20 1.248144816667906554e-12 1.000000000000000000e+00
1.374447183227232127e-20 9.014633522074974592e-14 1.000000000000000000e+00
2.196884504333454632e-16 7.891520011245323207e-14 1.000000000000000000e+00
8.334517169309759436e-18 9.217854344406584133e-14 1.000000000000000000e+00
1.446862645329701579e-20 4.191810201899237587e-14 1.000000000000000000e+00
9.354810437091227830e-20 6.579566264649366891e-14 1.000000000000000000e+00
2.834907191487142300e-19 8.231449918384703412e-14 1.000000000000000000e+00
2.255354469035286063e-18 6.815643156191791840e-14 1.000000000000000000e+00
7.719845029896532651e-08 2.493140676546046208e-12 9.999999403953552246e-01
7.585910225316183642e-06 1.164966018617208388e-13 9.999924302101135254e-01
1.968974573554118234e-23 5.896096734762587555e-14 1.000000000000000000e+00
1.523825500537938623e-20 8.997301872721436000e-14 1.000000000000000000e+00
4.614876685221266377e-23 3.098585434459580346e-14 1.000000000000000000e+00
1.867596607970303129e-16 1.123296063370443632e-13 1.000000000000000000e+00
1.668300988946989544e-24 2.475029763657297238e-14 1.000000000000000000e+00
3.501444417697484966e-19 7.877474172100773497e-14 1.000000000000000000e+00
1.438747001477880130e-24 2.764974054293538319e-14 1.000000000000000000e+00
1.245458551360879520e-18 7.784243627288744971e-14 1.000000000000000000e+00
2.161004431400215253e-06 2.504023735323129829e-13 9.999978542327880859e-01
2.427472509225481190e-06 1.226147276160022281e-13 9.999975562095642090e-01
8.942257115611442152e-23 7.061403328387227951e-14 1.000000000000000000e+00
3.291673482305568531e-20 8.433824385395416456e-14 1.000000000000000000e+00
1.746579696015115807e-22 3.274713060940313836e-14 1.000000000000000000e+00
1.004772081373206047e-15 8.153306046802810680e-14 1.000000000000000000e+00
1.774401557964812539e-23 2.405249495396593468e-14 1.000000000000000000e+00
1.010089271142590813e-18 7.340918779970284636e-14 1.000000000000000000e+00
1.570527300378794831e-24 2.396525903072821428e-14 1.000000000000000000e+00
6.022925709636228839e-17 7.605546102846041934e-14 1.000000000000000000e+00
