5.371944666876515839e-07 1.250692992471158504e-03 9.987487792968750000e-01
5.371939550968818367e-07 1.250692293979227543e-03 9.987487792968750000e-01
1.551709033265069593e-06 1.795100164599716663e-03 9.982033371925354004e-01
1.551709033265069593e-06 1.795099349692463875e-03 9.982033371925354004e-01
1.734905595185409766e-06 1.012873463332653046e-02 9.898695349693298340e-01
1.734905595185409766e-06 1.012872997671365738e-02 9.898695349693298340e-01
1.549382886878447607e-06 8.923960267566144466e-04 9.991060495376586914e-01
1.549384364807337988e-06 8.923964342102408409e-04 9.991060495376586914e-01
8.297782301269762684e-07 2.179460134357213974e-03 9.978197216987609863e-01
8.297782301269762684e-07 2.179460134357213974e-03 9.978197216987609863e-01
2.174848305003251880e-06 1.134965475648641586e-02 9.886481761932373047e-01
2.174846258640172891e-06 1.134964451193809509e-02 9.886481761932373047e-01
6.041837878001388162e-06 7.246511057019233704e-03 9.927474260330200195e-01
6.041837878001388162e-06 7.246511057019233704e-03 9.927474260330200195e-01
9.196917744702659547e-06 3.024965710937976837e-02 9.697411656379699707e-01
9.196917744702659547e-06 3.024965710937976837e-02 9.697411656379699707e-01
6.428612323361448944e-06 4.044012166559696198e-03 9.959495663642883301e-01
6.428606411645887420e-06 4.044010303914546967e-03 9.959495663642883301e-01
3.499501644910196774e-06 6.713451817631721497e-03 9.932830333709716797e-01
3.499501417536521330e-06 6.713457871228456497e-03 9.932830333709716797e-01
1.252390546824244666e-07 6.136659649200737476e-04 9.993861913681030273e-01
1.252388130978943082e-07 6.136653828434646130e-04 9.993861913681030273e-01
5.749660090259567369e-07 1.169214956462383270e-03 9.988301992416381836e-01
5.749660090259567369e-07 1.169214956462383270e-03 9.988301992416381836e-01
1.455567712582706008e-06 8.811117149889469147e-03 9.911874532699584961e-01
1.455567712582706008e-06 8.811117149889469147e-03 9.911874532699584961e-01
1.103271188185317442e-06 9.104366763494908810e-04 9.990884661674499512e-01
1.103270051316940226e-06 9.104362106882035732e-04 9.990884661674499512e-01
5.367732001104741357e-07 1.504520187154412270e-03 9.984949231147766113e-01
5.367732001104741357e-07 1.504521584138274193e-03 9.984949231147766113e-01
1.936448654760170029e-07 1.026207930408418179e-03 9.989736080169677734e-01
1.936448654760170029e-07 1.026207930408418179e-03 9.989736080169677734e-01
2.337339708446961595e-07 9.560349863022565842e-04 9.990437030792236328e-01
2.337339708446961595e-07 9.560354519635438919e-04 9.990437030792236328e-01
1.486558744545618538e-06 1.018419675529003143e-02 9.898143410682678223e-01
1.486558744545618538e-06 1.018419675529003143e-02 9.898143410682678223e-01
7.833251061128976289e-07 1.044720993377268314e-03 9.989544749259948730e-01
7.833243671484524384e-07 1.044720062054693699e-03 9.989544749259948730e-01
4.486843181439326145e-07 2.595014637336134911e-03 9.974045157432556152e-01
4.486843181439326145e-07 2.595015801489353180e-03 9.974045157432556152e-01
5.371944666876515839e-07 1.250692992471158504e-03 9.987487792968750000e-01
5.371939550968818367e-07 1.250692293979227543e-03 9.987487792968750000e-01
1.551709033265069593e-06 1.795100164599716663e-03 9.982033371925354004e-01
1.551709033265069593e-06 1.795099349692463875e-03 9.982033371925354004e-01
1.734905595185409766e-06 1.012873463332653046e-02 9.898695349693298340e-01
1.734905595185409766e-06 1.012872997671365738e-02 9.898695349693298340e-01
1.549382886878447607e-06 8.923960267566144466e-04 9.991060495376586914e-01
1.549384364807337988e-06 8.923964342102408409e-04 9.991060495376586914e-01
8.297782301269762684e-07 2.179460134357213974e-03 9.978197216987609863e-01
8.297782301269762684e-07 2.179460134357213974e-03 9.978197216987609863e-01
3.037033593500382267e-06 4.411655943840742111e-03 9.955853223800659180e-01
3.037033593500382267e-06 4.411655943840742111e-03 9.955853223800659180e-01
6.324047717498615384e-06 1.645766547881066799e-03 9.983479380607604980e-01
6.324047717498615384e-06 1.645765732973814011e-03 9.983479380607604980e-01
1.126376628235448152e-05 1.698830351233482361e-02 9.830004572868347168e-01
1.126376628235448152e-05 1.698830351233482361e-02 9.830004572868347168e-01
2.137470255547668785e-05 1.149894087575376034e-03 9.988287091255187988e-01
2.137470255547668785e-05 1.149895251728594303e-03 9.988287091255187988e-01
6.268269316933583468e-07 7.913503795862197876e-04 9.992080330848693848e-01
6.268269316933583468e-07 7.913503795862197876e-04 9.992080330848693848e-01
2.208853970842028502e-07 5.129922064952552319e-04 9.994868040084838867e-01
2.208851839213821222e-07 5.129919736646115780e-04 9.994868040084838867e-01
1.667281253503460903e-06 8.350606076419353485e-04 9.991632699966430664e-01
1.667282845119189005e-06 8.350610150955617428e-04 9.991632699966430664e-01
1.687653480075823609e-06 6.655586883425712585e-03 9.933426976203918457e-01
1.687653480075823609e-06 6.655586883425712585e-03 9.933426976203918457e-01
8.748637810640502721e-06 6.342701381072402000e-04 9.993569850921630859e-01
8.748637810640502721e-06 6.342701381072402000e-04 9.993569850921630859e-01
2.287863622996155755e-07 4.568768490571528673e-04 9.995428919792175293e-01
2.287863622996155755e-07 4.568768490571528673e-04 9.995428919792175293e-01
1.802190325861374731e-07 4.385537758935242891e-04 9.995612502098083496e-01
1.802190325861374731e-07 4.385537758935242891e-04 9.995612502098083496e-01
2.041945634800867992e-07 1.882557990029454231e-04 9.998115301132202148e-01
2.041945634800867992e-07 1.882557990029454231e-04 9.998115301132202148e-01
1.005263925435428973e-06 4.795537795871496201e-03 9.952034354209899902e-01
1.005263925435428973e-06 4.795535467565059662e-03 9.952034354209899902e-01
2.355841161261196248e-06 4.041066858917474747e-04 9.995935559272766113e-01
2.355841161261196248e-06 4.041066858917474747e-04 9.995935559272766113e-01
1.432694034519954585e-07 5.326428217813372612e-04 9.994671940803527832e-01
1.432692755543030216e-07 5.326425889506936073e-04 9.994671940803527832e-01
2.174848305003251880e-06 1.134965475648641586e-02 9.886481761932373047e-01
2.174846258640172891e-06 1.134964451193809509e-02 9.886481761932373047e-01
6.041837878001388162e-06 7.246511057019233704e-03 9.927474260330200195e-01
6.041837878001388162e-06 7.246511057019233704e-03 9.927474260330200195e-01
9.196917744702659547e-06 3.024965710937976837e-02 9.697411656379699707e-01
9.196917744702659547e-06 3.024965710937976837e-02 9.697411656379699707e-01
6.428612323361448944e-06 4.044012166559696198e-03 9.959495663642883301e-01
6.428606411645887420e-06 4.044010303914546967e-03 9.959495663642883301e-01
3.499501644910196774e-06 6.713451817631721497e-03 9.932830333709716797e-01
3.499501417536521330e-06 6.713457871228456497e-03 9.932830333709716797e-01
3.037033593500382267e-06 4.411655943840742111e-03 9.955853223800659180e-01
3.037033593500382267e-06 4.411655943840742111e-03 9.955853223800659180e-01
6.324047717498615384e-06 1.645766547881066799e-03 9.983479380607604980e-01
6.324047717498615384e-06 1.645765732973814011e-03 9.983479380607604980e-01
1.126376628235448152e-05 1.698830351233482361e-02 9.830004572868347168e-01
1.126376628235448152e-05 1.698830351233482361e-02 9.830004572868347168e-01
2.137470255547668785e-05 1.149894087575376034e-03 9.988287091255187988e-01
2.137470255547668785e-05 1.149895251728594303e-03 9.988287091255187988e-01
6.268269316933583468e-07 7.913503795862197876e-04 9.992080330848693848e-01
6.268269316933583468e-07 7.913503795862197876e-04 9.992080330848693848e-01
1.838646767282625660e-06 3.999106585979461670e-03 9.959990382194519043e-01
1.838648472585191485e-06 3.999110311269760132e-03 9.959990382194519043e-01
2.113751406795927323e-06 1.770281582139432430e-03 9.982275962829589844e-01
2.113751406795927323e-06 1.770281582139432430e-03 9.982275962829589844e-01
1.135628372139763087e-05 2.221693471074104309e-02 9.777716994285583496e-01
1.135628372139763087e-05 2.221693471074104309e-02 9.777716994285583496e-01
1.894160595838911831e-05 2.699523698538541794e-03 9.972815513610839844e-01
1.894160595838911831e-05 2.699523698538541794e-03 9.972815513610839844e-01
5.351803906705754343e-07 8.398486534133553505e-04 9.991596341133117676e-01
5.351803906705754343e-07 8.398486534133553505e-04 9.991596341133117676e-01
7.701100912527181208e-07 2.110105706378817558e-03 9.978891015052795410e-01
7.701100912527181208e-07 2.110107801854610443e-03 9.978891015052795410e-01
2.423576290766504826e-07 4.157268267590552568e-04 9.995840191841125488e-01
2.423576290766504826e-07 4.157268267590552568e-04 9.995840191841125488e-01
3.984663635492324829e-06 1.267875172197818756e-02 9.873172640800476074e-01
3.984663635492324829e-06 1.267874613404273987e-02 9.873172640800476074e-01
1.073495582204486709e-06 2.940813137684017420e-04 9.997048377990722656e-01
1.073495582204486709e-06 2.940813137684017420e-04 9.997048377990722656e-01
4.322723441418929724e-07 1.239470671862363815e-03 9.987601041793823242e-01
4.322723441418929724e-07 1.239470089785754681e-03 9.987601041793823242e-01
1.252390546824244666e-07 6.136659649200737476e-04 9.993861913681030273e-01
1.252388130978943082e-07 6.136653828434646130e-04 9.993861913681030273e-01
5.749660090259567369e-07 1.169214956462383270e-03 9.988301992416381836e-01
5.749660090259567369e-07 1.169214956462383270e-03 9.988301992416381836e-01
1.455567712582706008e-06 8.811117149889469147e-03 9.911874532699584961e-01
1.455567712582706008e-06 8.811117149889469147e-03 9.911874532699584961e-01
1.103271188185317442e-06 9.104366763494908810e-04 9.990884661674499512e-01
1.103270051316940226e-06 9.104362106882035732e-04 9.990884661674499512e-01
5.367732001104741357e-07 1.504520187154412270e-03 9.984949231147766113e-01
5.367732001104741357e-07 1.504521584138274193e-03 9.984949231147766113e-01
2.208853970842028502e-07 5.129922064952552319e-04 9.994868040084838867e-01
2.208851839213821222e-07 5.129919736646115780e-04 9.994868040084838867e-01
1.667281253503460903e-06 8.350606076419353485e-04 9.991632699966430664e-01
1.667282845119189005e-06 8.350610150955617428e-04 9.991632699966430664e-01
1.687653480075823609e-06 6.655586883425712585e-03 9.933426976203918457e-01
1.687653480075823609e-06 6.655586883425712585e-03 9.933426976203918457e-01
8.748637810640502721e-06 6.342701381072402000e-04 9.993569850921630859e-01
8.748637810640502721e-06 6.342701381072402000e-04 9.993569850921630859e-01
2.287863622996155755e-07 4.568768490571528673e-04 9.995428919792175293e-01
2.287863622996155755e-07 4.568768490571528673e-04 9.995428919792175293e-01
1.838646767282625660e-06 3.999106585979461670e-03 9.959990382194519043e-01
1.838648472585191485e-06 3.999110311269760132e-03 9.959990382194519043e-01
2.113751406795927323e-06 1.770281582139432430e-03 9.982275962829589844e-01
2.113751406795927323e-06 1.770281582139432430e-03 9.982275962829589844e-01
1.135628372139763087e-05 2.221693471074104309e-02 9.777716994285583496e-01
1.135628372139763087e-05 2.221693471074104309e-02 9.777716994285583496e-01
1.894160595838911831e-05 2.699523698538541794e-03 9.972815513610839844e-01
1.894160595838911831e-05 2.699523698538541794e-03 9.972815513610839844e-01
5.351803906705754343e-07 8.398486534133553505e-04 9.991596341133117676e-01
5.351803906705754343e-07 8.398486534133553505e-04 9.991596341133117676e-01
7.075190922023466555e-08 2.762734948191791773e-04 9.997236728668212891e-01
7.075190922023466555e-08 2.762734948191791773e-04 9.997236728668212891e-01
8.850081911759843933e-08 1.549862063257023692e-04 9.998449087142944336e-01
8.850081911759843933e-08 1.549862063257023692e-04 9.998449087142944336e-01
9.624696986065828241e-07 4.624677821993827820e-03 9.953743815422058105e-01
9.624696986065828241e-07 4.624677821993827820e-03 9.953743815422058105e-01
3.383009925528313033e-07 2.110670466208830476e-04 9.997885823249816895e-01
3.383009925528313033e-07 2.110670466208830476e-04 9.997885823249816895e-01
1.181491455781724653e-07 4.492061852943152189e-04 9.995507001876831055e-01
1.181491455781724653e-07 4.492061852943152189e-04 9.995507001876831055e-01
1.936448654760170029e-07 1.026207930408418179e-03 9.989736080169677734e-01
1.936448654760170029e-07 1.026207930408418179e-03 9.989736080169677734e-01
2.337339708446961595e-07 9.560349863022565842e-04 9.990437030792236328e-01
2.337339708446961595e-07 9.560354519635438919e-04 9.990437030792236328e-01
1.486558744545618538e-06 1.018419675529003143e-02 9.898143410682678223e-01
1.486558744545618538e-06 1.018419675529003143e-02 9.898143410682678223e-01
7.833251061128976289e-07 1.044720993377268314e-03 9.989544749259948730e-01
7.833243671484524384e-07 1.044720062054693699e-03 9.989544749259948730e-01
4.486843181439326145e-07 2.595014637336134911e-03 9.974045157432556152e-01
4.486843181439326145e-07 2.595015801489353180e-03 9.974045157432556152e-01
1.802190325861374731e-07 4.385537758935242891e-04 9.995612502098083496e-01
1.802190325861374731e-07 4.385537758935242891e-04 9.995612502098083496e-01
2.041945634800867992e-07 1.882557990029454231e-04 9.998115301132202148e-01
2.041945634800867992e-07 1.882557990029454231e-04 9.998115301132202148e-01
1.005263925435428973e-06 4.795537795871496201e-03 9.952034354209899902e-01
1.005263925435428973e-06 4.795535467565059662e-03 9.952034354209899902e-01
2.355841161261196248e-06 4.041066858917474747e-04 9.995935559272766113e-01
2.355841161261196248e-06 4.041066858917474747e-04 9.995935559272766113e-01
1.432694034519954585e-07 5.326428217813372612e-04 9.994671940803527832e-01
1.432692755543030216e-07 5.326425889506936073e-04 9.994671940803527832e-01
7.701100912527181208e-07 2.110105706378817558e-03 9.978891015052795410e-01
7.701100912527181208e-07 2.110107801854610443e-03 9.978891015052795410e-01
2.423576290766504826e-07 4.157268267590552568e-04 9.995840191841125488e-01
2.423576290766504826e-07 4.157268267590552568e-04 9.995840191841125488e-01
3.984663635492324829e-06 1.267875172197818756e-02 9.873172640800476074e-01
3.984663635492324829e-06 1.267874613404273987e-02 9.873172640800476074e-01
1.073495582204486709e-06 2.940813137684017420e-04 9.997048377990722656e-01
1.073495582204486709e-06 2.940813137684017420e-04 9.997048377990722656e-01
4.322723441418929724e-07 1.239470671862363815e-03 9.987601041793823242e-01
4.322723441418929724e-07 1.239470089785754681e-03 9.987601041793823242e-01
7.075190922023466555e-08 2.762734948191791773e-04 9.997236728668212891e-01
7.075190922023466555e-08 2.762734948191791773e-04 9.997236728668212891e-01
8.850081911759843933e-08 1.549862063257023692e-04 9.998449087142944336e-01
8.850081911759843933e-08 1.549862063257023692e-04 9.998449087142944336e-01
9.624696986065828241e-07 4.624677821993827820e-03 9.953743815422058105e-01
9.624696986065828241e-07 4.624677821993827820e-03 9.953743815422058105e-01
3.383009925528313033e-07 2.110670466208830476e-04 9.997885823249816895e-01
3.383009925528313033e-07 2.110670466208830476e-04 9.997885823249816895e-01
1.181491455781724653e-07 4.492061852943152189e-04 9.995507001876831055e-01
1.181491455781724653e-07 4.492061852943152189e-04 9.995507001876831055e-01
