1.179962737296591513e-06 1.865753089077770710e-03 9.981330633163452148e-01
1.179962737296591513e-06 1.865751342847943306e-03 9.981330633163452148e-01
1.431559212505817413e-05 4.746278282254934311e-03 9.952393770217895508e-01
1.431559212505817413e-05 4.746278282254934311e-03 9.952393770217895508e-01
2.803383495120215230e-06 4.515285138040781021e-03 9.954819083213806152e-01
2.803383495120215230e-06 4.515285138040781021e-03 9.954819083213806152e-01
4.371705472294706851e-06 4.067590925842523575e-03 9.959280490875244141e-01
4.371705472294706851e-06 4.067588597536087036e-03 9.959280490875244141e-01
4.445202606007114809e-08 2.319768536835908890e-04 9.997679591178894043e-01
4.445202606007114809e-08 2.319766354048624635e-04 9.997679591178894043e-01
3.723891722984262742e-06 1.292325928807258606e-02 9.870730042457580566e-01
3.723891722984262742e-06 1.292325928807258606e-02 9.870730042457580566e-01
6.041063898010179400e-05 1.091328449547290802e-02 9.890263080596923828e-01
6.041063898010179400e-05 1.091328449547290802e-02 9.890263080596923828e-01
3.985998318967176601e-06 1.422440819442272186e-02 9.857715964317321777e-01
3.985990588262211531e-06 1.422439515590667725e-02 9.857715964317321777e-01
6.407056389434728771e-06 8.469781838357448578e-03 9.915238022804260254e-01
6.407056389434728771e-06 8.469778113067150116e-03 9.915238022804260254e-01
2.155958554794779047e-06 4.980264231562614441e-03 9.950175881385803223e-01
2.155958554794779047e-06 4.980264231562614441e-03 9.950175881385803223e-01
1.400637898996137665e-07 4.173690103925764561e-04 9.995824694633483887e-01
1.400639177973062033e-07 4.173694178462028503e-04 9.995824694633483887e-01
3.322506472613895312e-06 2.319178311154246330e-03 9.976775050163269043e-01
3.322503289382439107e-06 2.319177147001028061e-03 9.976775050163269043e-01
7.983048817550297827e-07 2.574561396613717079e-03 9.974246621131896973e-01
7.983048817550297827e-07 2.574559999629855156e-03 9.974246621131896973e-01
1.426637936674524099e-06 3.431804943829774857e-03 9.965667724609375000e-01
1.426637822987686377e-06 3.431806573644280434e-03 9.965667724609375000e-01
4.047344148716547352e-08 1.741164596751332283e-04 9.998258352279663086e-01
4.047344148716547352e-08 1.741164596751332283e-04 9.998258352279663086e-01
5.217044218852606718e-08 3.570402332115918398e-04 9.996429085731506348e-01
5.217044218852606718e-08 3.570402332115918398e-04 9.996429085731506348e-01
6.924273066033492796e-07 1.160193933174014091e-03 9.988391399383544922e-01
6.924273066033492796e-07 1.160193933174014091e-03 9.988391399383544922e-01
1.210473783430643380e-07 8.443650440312922001e-04 9.991555213928222656e-01
1.210473783430643380e-07 8.443646365776658058e-04 9.991555213928222656e-01
1.536856302664091345e-06 7.498373743146657944e-03 9.925000667572021484e-01
1.536854824735200964e-06 7.498370017856359482e-03 9.925000667572021484e-01
3.123384573200382874e-08 1.816360017983242869e-04 9.998183250427246094e-01
3.123384573200382874e-08 1.816361764213070273e-04 9.998183250427246094e-01
1.179962737296591513e-06 1.865753089077770710e-03 9.981330633163452148e-01
1.179962737296591513e-06 1.865751342847943306e-03 9.981330633163452148e-01
1.431559212505817413e-05 4.746278282254934311e-03 9.952393770217895508e-01
1.431559212505817413e-05 4.746278282254934311e-03 9.952393770217895508e-01
2.803383495120215230e-06 4.515285138040781021e-03 9.954819083213806152e-01
2.803383495120215230e-06 4.515285138040781021e-03 9.954819083213806152e-01
4.371705472294706851e-06 4.067590925842523575e-03 9.959280490875244141e-01
4.371705472294706851e-06 4.067588597536087036e-03 9.959280490875244141e-01
4.445202606007114809e-08 2.319768536835908890e-04 9.997679591178894043e-01
4.445202606007114809e-08 2.319766354048624635e-04 9.997679591178894043e-01
1.420656371919903904e-05 5.817021708935499191e-03 9.941687583923339844e-01
1.420656371919903904e-05 5.817021708935499191e-03 9.941687583923339844e-01
1.955723018909338862e-05 6.806509336456656456e-04 9.992997646331787109e-01
1.955723018909338862e-05 6.806509336456656456e-04 9.992997646331787109e-01
1.439790025870024692e-06 3.739795356523245573e-04 9.996246099472045898e-01
1.439790025870024692e-06 3.739795356523245573e-04 9.996246099472045898e-01
1.847450619152368745e-07 6.019509601173922420e-05 9.999396204948425293e-01
1.847450619152368745e-07 6.019509601173922420e-05 9.999396204948425293e-01
4.583193913276772946e-06 1.907357480376958847e-03 9.980880618095397949e-01
4.583189820550614968e-06 1.907355617731809616e-03 9.980880618095397949e-01
6.496007927125901915e-07 3.784617292694747448e-04 9.996209144592285156e-01
6.496001674349827226e-07 3.784615546464920044e-04 9.996209144592285156e-01
2.743673121585743502e-06 3.048332582693547010e-04 9.996924400329589844e-01
2.743670393101638183e-06 3.048329672310501337e-04 9.996924400329589844e-01
5.755107395088998601e-07 2.610218652989715338e-04 9.997383952140808105e-01
5.755107395088998601e-07 2.610221272334456444e-04 9.997383952140808105e-01
6.888905090818298049e-07 2.193000836996361613e-04 9.997799992561340332e-01
6.888905090818298049e-07 2.193000836996361613e-04 9.997799992561340332e-01
2.049316805141643272e-07 2.268968091811984777e-04 9.997729063034057617e-01
2.049316805141643272e-07 2.268968091811984777e-04 9.997729063034057617e-01
3.805743631346558686e-08 5.908642924623563886e-05 9.999408721923828125e-01
3.805743631346558686e-08 5.908642924623563886e-05 9.999408721923828125e-01
5.125531288285856135e-07 1.821270561777055264e-04 9.998173713684082031e-01
5.125531288285856135e-07 1.821270561777055264e-04 9.998173713684082031e-01
3.872108322866552044e-08 4.804968921234831214e-05 9.999518990516662598e-01
3.872108322866552044e-08 4.804968921234831214e-05 9.999518990516662598e-01
3.070097989166242769e-07 1.815000578062608838e-04 9.998182058334350586e-01
3.070097989166242769e-07 1.815000578062608838e-04 9.998182058334350586e-01
2.529196230227626074e-08 4.233258732710964978e-05 9.999576210975646973e-01
2.529196230227626074e-08 4.233258732710964978e-05 9.999576210975646973e-01
3.723891722984262742e-06 1.292325928807258606e-02 9.870730042457580566e-01
3.723891722984262742e-06 1.292325928807258606e-02 9.870730042457580566e-01
6.041063898010179400e-05 1.091328449547290802e-02 9.890263080596923828e-01
6.041063898010179400e-05 1.091328449547290802e-02 9.890263080596923828e-01
3.985998318967176601e-06 1.422440819442272186e-02 9.857715964317321777e-01
3.985990588262211531e-06 1.422439515590667725e-02 9.857715964317321777e-01
6.407056389434728771e-06 8.469781838357448578e-03 9.915238022804260254e-01
6.407056389434728771e-06 8.469778113067150116e-03 9.915238022804260254e-01
2.155958554794779047e-06 4.980264231562614441e-03 9.950175881385803223e-01
2.155958554794779047e-06 4.980264231562614441e-03 9.950175881385803223e-01
1.420656371919903904e-05 5.817021708935499191e-03 9.941687583923339844e-01
1.420656371919903904e-05 5.817021708935499191e-03 9.941687583923339844e-01
1.955723018909338862e-05 6.806509336456656456e-04 9.992997646331787109e-01
1.955723018909338862e-05 6.806509336456656456e-04 9.992997646331787109e-01
1.439790025870024692e-06 3.739795356523245573e-04 9.996246099472045898e-01
1.439790025870024692e-06 3.739795356523245573e-04 9.996246099472045898e-01
1.847450619152368745e-07 6.019509601173922420e-05 9.999396204948425293e-01
1.847450619152368745e-07 6.019509601173922420e-05 9.999396204948425293e-01
4.583193913276772946e-06 1.907357480376958847e-03 9.980880618095397949e-01
4.583189820550614968e-06 1.907355617731809616e-03 9.980880618095397949e-01
1.142922087637998629e-06 1.808637171052396297e-03 9.981902241706848145e-01
1.142922087637998629e-06 1.808635424822568893e-03 9.981902241706848145e-01
4.171211458015022799e-06 6.286501884460449219e-04 9.993671774864196777e-01
4.171211458015022799e-06 6.286504794843494892e-04 9.993671774864196777e-01
3.595325779315317050e-07 6.050896481610834599e-04 9.993945360183715820e-01
3.595325779315317050e-07 6.050896481610834599e-04 9.993945360183715820e-01
3.280530620486388216e-07 2.099686826113611460e-04 9.997897148132324219e-01
3.280530620486388216e-07 2.099686826113611460e-04 9.997897148132324219e-01
2.356764071009820327e-06 2.083648927509784698e-03 9.979140162467956543e-01
2.356764071009820327e-06 2.083647996187210083e-03 9.979140162467956543e-01
7.420992886864041793e-08 2.414877526462078094e-04 9.997584223747253418e-01
7.420965175697347149e-08 2.414872869849205017e-04 9.997584223747253418e-01
4.154522628141421592e-07 1.377672451781108975e-04 9.998618364334106445e-01
4.154526607180741848e-07 1.377673761453479528e-04 9.998618364334106445e-01
2.461312220702893683e-08 7.333319081226363778e-05 9.999266266822814941e-01
2.461312220702893683e-08 7.333326357183977962e-05 9.999266266822814941e-01
7.787495093225516030e-08 1.384548668283969164e-04 9.998614788055419922e-01
7.787495093225516030e-08 1.384548668283969164e-04 9.998614788055419922e-01
1.596366701051010750e-07 2.617010322865098715e-04 9.997381567955017090e-01
1.596366701051010750e-07 2.617010322865098715e-04 9.997381567955017090e-01
1.400637898996137665e-07 4.173690103925764561e-04 9.995824694633483887e-01
1.400639177973062033e-07 4.173694178462028503e-04 9.995824694633483887e-01
3.322506472613895312e-06 2.319178311154246330e-03 9.976775050163269043e-01
3.322503289382439107e-06 2.319177147001028061e-03 9.976775050163269043e-01
7.983048817550297827e-07 2.574561396613717079e-03 9.974246621131896973e-01
7.983048817550297827e-07 2.574559999629855156e-03 9.974246621131896973e-01
1.426637936674524099e-06 3.431804943829774857e-03 9.965667724609375000e-01
1.426637822987686377e-06 3.431806573644280434e-03 9.965667724609375000e-01
4.047344148716547352e-08 1.741164596751332283e-04 9.998258352279663086e-01
4.047344148716547352e-08 1.741164596751332283e-04 9.998258352279663086e-01
6.496007927125901915e-07 3.784617292694747448e-04 9.996209144592285156e-01
6.496001674349827226e-07 3.784615546464920044e-04 9.996209144592285156e-01
2.743673121585743502e-06 3.048332582693547010e-04 9.996924400329589844e-01
2.743670393101638183e-06 3.048329672310501337e-04 9.996924400329589844e-01
5.755107395088998601e-07 2.610218652989715338e-04 9.997383952140808105e-01
5.755107395088998601e-07 2.610221272334456444e-04 9.997383952140808105e-01
6.888905090818298049e-07 2.193000836996361613e-04 9.997799992561340332e-01
6.888905090818298049e-07 2.193000836996361613e-04 9.997799992561340332e-01
2.049316805141643272e-07 2.268968091811984777e-04 9.997729063034057617e-01
2.049316805141643272e-07 2.268968091811984777e-04 9.997729063034057617e-01
1.142922087637998629e-06 1.808637171052396297e-03 9.981902241706848145e-01
1.142922087637998629e-06 1.808635424822568893e-03 9.981902241706848145e-01
4.171211458015022799e-06 6.286501884460449219e-04 9.993671774864196777e-01
4.171211458015022799e-06 6.286504794843494892e-04 9.993671774864196777e-01
3.595325779315317050e-07 6.050896481610834599e-04 9.993945360183715820e-01
3.595325779315317050e-07 6.050896481610834599e-04 9.993945360183715820e-01
3.280530620486388216e-07 2.099686826113611460e-04 9.997897148132324219e-01
3.280530620486388216e-07 2.099686826113611460e-04 9.997897148132324219e-01
2.356764071009820327e-06 2.083648927509784698e-03 9.979140162467956543e-01
2.356764071009820327e-06 2.083647996187210083e-03 9.979140162467956543e-01
1.112715519724361002e-08 3.073383049922995269e-05 9.999692440032958984e-01
1.112715519724361002e-08 3.073385960306040943e-05 9.999692440032958984e-01
2.431567338589957217e-07 1.549321023048833013e-04 9.998448491096496582e-01
2.431567338589957217e-07 1.549321023048833013e-04 9.998448491096496582e-01
1.111400305120469056e-08 3.278942313045263290e-05 9.999672174453735352e-01
1.111398173492261776e-08 3.278939038864336908e-05 9.999672174453735352e-01
3.455004105035186512e-08 8.624505426269024611e-05 9.999136924743652344e-01
3.455004105035186512e-08 8.624505426269024611e-05 9.999136924743652344e-01
1.617633493822268065e-08 3.449528594501316547e-05 9.999654889106750488e-01
1.617633493822268065e-08 3.449528594501316547e-05 9.999654889106750488e-01
5.217044218852606718e-08 3.570402332115918398e-04 9.996429085731506348e-01
5.217044218852606718e-08 3.570402332115918398e-04 9.996429085731506348e-01
6.924273066033492796e-07 1.160193933174014091e-03 9.988391399383544922e-01
6.924273066033492796e-07 1.160193933174014091e-03 9.988391399383544922e-01
1.210473783430643380e-07 8.443650440312922001e-04 9.991555213928222656e-01
1.210473783430643380e-07 8.443646365776658058e-04 9.991555213928222656e-01
1.536856302664091345e-06 7.498373743146657944e-03 9.925000667572021484e-01
1.536854824735200964e-06 7.498370017856359482e-03 9.925000667572021484e-01
3.123384573200382874e-08 1.816360017983242869e-04 9.998183250427246094e-01
3.123384573200382874e-08 1.816361764213070273e-04 9.998183250427246094e-01
3.805743631346558686e-08 5.908642924623563886e-05 9.999408721923828125e-01
3.805743631346558686e-08 5.908642924623563886e-05 9.999408721923828125e-01
5.125531288285856135e-07 1.821270561777055264e-04 9.998173713684082031e-01
5.125531288285856135e-07 1.821270561777055264e-04 9.998173713684082031e-01
3.872108322866552044e-08 4.804968921234831214e-05 9.999518990516662598e-01
3.872108322866552044e-08 4.804968921234831214e-05 9.999518990516662598e-01
3.070097989166242769e-07 1.815000578062608838e-04 9.998182058334350586e-01
3.070097989166242769e-07 1.815000578062608838e-04 9.998182058334350586e-01
2.529196230227626074e-08 4.233258732710964978e-05 9.999576210975646973e-01
2.529196230227626074e-08 4.233258732710964978e-05 9.999576210975646973e-01
7.420992886864041793e-08 2.414877526462078094e-04 9.997584223747253418e-01
7.420965175697347149e-08 2.414872869849205017e-04 9.997584223747253418e-01
4.154522628141421592e-07 1.377672451781108975e-04 9.998618364334106445e-01
4.154526607180741848e-07 1.377673761453479528e-04 9.998618364334106445e-01
2.461312220702893683e-08 7.333319081226363778e-05 9.999266266822814941e-01
2.461312220702893683e-08 7.333326357183977962e-05 9.999266266822814941e-01
7.787495093225516030e-08 1.384548668283969164e-04 9.998614788055419922e-01
7.787495093225516030e-08 1.384548668283969164e-04 9.998614788055419922e-01
1.596366701051010750e-07 2.617010322865098715e-04 9.997381567955017090e-01
1.596366701051010750e-07 2.617010322865098715e-04 9.997381567955017090e-01
1.112715519724361002e-08 3.073383049922995269e-05 9.999692440032958984e-01
1.112715519724361002e-08 3.073385960306040943e-05 9.999692440032958984e-01
2.431567338589957217e-07 1.549321023048833013e-04 9.998448491096496582e-01
2.431567338589957217e-07 1.549321023048833013e-04 9.998448491096496582e-01
1.111400305120469056e-08 3.278942313045263290e-05 9.999672174453735352e-01
1.111398173492261776e-08 3.278939038864336908e-05 9.999672174453735352e-01
3.455004105035186512e-08 8.624505426269024611e-05 9.999136924743652344e-01
3.455004105035186512e-08 8.624505426269024611e-05 9.999136924743652344e-01
1.617633493822268065e-08 3.449528594501316547e-05 9.999654889106750488e-01
1.617633493822268065e-08 3.449528594501316547e-05 9.999654889106750488e-01
