3.033792434056828726e-23 2.129800377942761558e-13 1.000000000000000000e+00
1.366465019563066121e-19 1.442946206964279554e-09 1.000000000000000000e+00
3.880245815853685408e-25 1.444273167857876294e-13 1.000000000000000000e+00
2.793348387451933340e-22 2.526620024312364876e-10 1.000000000000000000e+00
1.262680593699730165e-25 3.497448505937125751e-14 1.000000000000000000e+00
8.334750283790947546e-23 2.348007899222182004e-11 1.000000000000000000e+00
9.302470894090929027e-26 2.819927688438913366e-14 1.000000000000000000e+00
1.047539045665202060e-23 4.946867134675292377e-12 1.000000000000000000e+00
1.486281121872846468e-25 4.618287902709988790e-14 1.000000000000000000e+00
2.652244711117306123e-23 1.282106972672059086e-11 1.000000000000000000e+00
3.366975817670545120e-17 6.180064706512444772e-12 1.000000000000000000e+00
2.588592243813245654e-16 2.590080407094408343e-11 1.000000000000000000e+00
4.946113068436327466e-23 6.035798163356309587e-12 1.000000000000000000e+00
7.230460859127740913e-21 1.461107103362113691e-11 1.000000000000000000e+00
3.201656325307058501e-25 5.275518045956724411e-14 1.000000000000000000e+00
3.189641561540719513e-22 3.532554023605305460e-13 1.000000000000000000e+00
3.851768430213272645e-25 1.378971264433259680e-13 1.000000000000000000e+00
4.268389096353386423e-23 5.198458850885767646e-13 1.000000000000000000e+00
6.024969537051396346e-25 2.305680603040261012e-13 1.000000000000000000e+00
1.167447496757824401e-22 2.538679553035216863e-12 1.000000000000000000e+00
2.774937837847966623e-18 1.245155996539015764e-12 1.000000000000000000e+00
7.318298489828150687e-18 1.023187350818188790e-11 1.000000000000000000e+00
1.721785608437402153e-22 5.523789325251327043e-12 1.000000000000000000e+00
2.320109745911438642e-21 1.139188222920584082e-11 1.000000000000000000e+00
2.879049045015177179e-24 1.300000282119032069e-13 1.000000000000000000e+00
4.948927597928411201e-22 5.031767645775897524e-13 1.000000000000000000e+00
7.467680761793238365e-25 5.102890020800866788e-14 1.000000000000000000e+00
1.754319620563909868e-21 6.359913138666295485e-13 1.000000000000000000e+00
6.970319738269494842e-24 3.337716930097711643e-13 1.000000000000000000e+00
3.398856460308764122e-21 1.859262310083265035e-12 1.000000000000000000e+00
1.853694385169645674e-21 2.918845373733880422e-11 1.000000000000000000e+00
2.377193201908865596e-16 1.127745292983650671e-11 1.000000000000000000e+00
3.496445471017020260e-23 1.993180794024329572e-11 1.000000000000000000e+00
2.148395148875938733e-22 7.480389571656864689e-12 1.000000000000000000e+00
2.880718866336303755e-24 9.277689293901714152e-13 1.000000000000000000e+00
3.354738006856424122e-21 3.432107029133213416e-13 1.000000000000000000e+00
1.463127536614640720e-24 5.334562002204390474e-13 1.000000000000000000e+00
1.761817560452305574e-21 7.580712316559989894e-13 1.000000000000000000e+00
4.497270382685568620e-24 1.543000319528808895e-12 1.000000000000000000e+00
9.020410638342518892e-22 2.272759888274911155e-12 1.000000000000000000e+00
1.446353014908211866e-15 1.161899354507056614e-09 1.000000000000000000e+00
6.706738633959014460e-18 4.934828656821821369e-10 1.000000000000000000e+00
2.154813573636306556e-22 8.152478692124986992e-11 1.000000000000000000e+00
5.733672195391543558e-24 3.341451464480837963e-12 1.000000000000000000e+00
2.687268242042946517e-23 1.074026891728641075e-11 1.000000000000000000e+00
1.216460592313345591e-23 7.377276957723499784e-13 1.000000000000000000e+00
4.950017772144990431e-24 1.034462229418386947e-12 1.000000000000000000e+00
2.705431409398252964e-24 4.587168860904766721e-13 1.000000000000000000e+00
2.219467059372237398e-24 1.018385571184554639e-12 1.000000000000000000e+00
1.384163269976832138e-23 2.224159224850641436e-12 1.000000000000000000e+00
1.165205379948019981e-03 4.002222055987658678e-07 9.988343715667724609e-01
7.587042853401728955e-18 3.720385111094515196e-12 1.000000000000000000e+00
1.869677165734221007e-17 1.347729838840905359e-08 1.000000000000000000e+00
6.962802524931462776e-23 6.785307992557276791e-13 1.000000000000000000e+00
1.029751166894868750e-20 8.409866553149569768e-12 1.000000000000000000e+00
2.949090860941438246e-23 1.880578483735850792e-13 1.000000000000000000e+00
1.502421313615205391e-22 2.199789422884304568e-13 1.000000000000000000e+00
2.803862514923336238e-23 9.442139182070513614e-14 1.000000000000000000e+00
1.842806526955785269e-23 5.872833144272837647e-13 1.000000000000000000e+00
2.200827420030177460e-23 1.332146876533227275e-13 1.000000000000000000e+00
2.466749925757945558e-21 3.597471062363744032e-12 1.000000000000000000e+00
6.789519033795210490e-12 2.606488982981325364e-11 1.000000000000000000e+00
8.412049186171744051e-23 2.656498632180870345e-11 1.000000000000000000e+00
4.504729084632538633e-21 3.429033532814651508e-12 1.000000000000000000e+00
4.585988441099891881e-24 1.118046952762463686e-12 1.000000000000000000e+00
8.656435416844631262e-21 1.108402866017987876e-12 1.000000000000000000e+00
2.432962797039441591e-24 6.002567420979737500e-14 1.000000000000000000e+00
9.741723522378052967e-20 2.529788986800618478e-13 1.000000000000000000e+00
7.502086930174452795e-25 6.587125864297022071e-14 1.000000000000000000e+00
3.151439743601863789e-19 2.389817131080024248e-13 1.000000000000000000e+00
1.914531499739003493e-19 1.105116638200343004e-07 9.999998807907104492e-01
7.833236817639233594e-16 1.805389865383588699e-11 1.000000000000000000e+00
2.930477959250899869e-21 4.155488841917076570e-09 1.000000000000000000e+00
4.513272978350610499e-23 4.963463667850831484e-12 1.000000000000000000e+00
2.741818730945448495e-22 2.869732784738232567e-10 1.000000000000000000e+00
1.517269442899892528e-22 3.483881477576999952e-13 1.000000000000000000e+00
1.076523964690511392e-24 4.857349873883809455e-13 1.000000000000000000e+00
1.852075768809876993e-21 3.085771113457702608e-13 1.000000000000000000e+00
1.230315750822194832e-24 5.898237085376345501e-13 1.000000000000000000e+00
9.414186525728308608e-23 5.071957936107762688e-13 1.000000000000000000e+00
1.943708680259677652e-20 8.824864667147935826e-13 1.000000000000000000e+00
4.334426823368171293e-18 4.369229283929243479e-11 1.000000000000000000e+00
1.591405983349666197e-24 3.861487139159708315e-13 1.000000000000000000e+00
2.188655327817053457e-22 2.809826156469075187e-12 1.000000000000000000e+00
1.644723957946003130e-25 4.317710129860506674e-14 1.000000000000000000e+00
1.135238495324267742e-22 1.366370124683546905e-13 1.000000000000000000e+00
1.357897337555070698e-25 3.571392110540173859e-14 1.000000000000000000e+00
6.711836840899346788e-24 2.531710193050262792e-13 1.000000000000000000e+00
3.008148252218278542e-25 1.089961725476290555e-13 1.000000000000000000e+00
3.077855048778853561e-23 1.692948515749637117e-12 1.000000000000000000e+00
1.467981365941639985e-15 1.289141428155449187e-12 1.000000000000000000e+00
4.177605890334882110e-20 3.493893369066469745e-11 1.000000000000000000e+00
2.783517003316781123e-24 1.757998044013553418e-13 1.000000000000000000e+00
1.109177686459386396e-22 2.968028383829035555e-12 1.000000000000000000e+00
7.263454041154767908e-25 4.579823120135634307e-14 1.000000000000000000e+00
1.472726159451098426e-23 5.966443159845236099e-13 1.000000000000000000e+00
6.186463169415978830e-25 2.376941823705944201e-14 1.000000000000000000e+00
2.622674181199005973e-24 1.472284344135668666e-13 1.000000000000000000e+00
3.344394050092912785e-25 3.052862934779972115e-14 1.000000000000000000e+00
2.960439768911355072e-24 2.769477626830135764e-13 1.000000000000000000e+00
3.085198189570428211e-18 7.315982130003118034e-14 1.000000000000000000e+00
2.879550646134512049e-19 9.985568144924017453e-13 1.000000000000000000e+00
1.591808341854374174e-22 9.008600614611450563e-14 1.000000000000000000e+00
6.159560041697773265e-21 9.524334446120441555e-13 1.000000000000000000e+00
5.946655646786897226e-23 3.882784800060198882e-14 1.000000000000000000e+00
2.967193994404135564e-21 2.036514674345207832e-13 1.000000000000000000e+00
3.042890840193285788e-23 2.668672676234534052e-14 1.000000000000000000e+00
1.172415326220348377e-21 1.213456554205807891e-13 1.000000000000000000e+00
1.500060426475278051e-24 2.853336870164285832e-14 1.000000000000000000e+00
6.362504745824984700e-22 1.778544352808511531e-13 1.000000000000000000e+00
3.162717865063271216e-23 4.677609428266338298e-12 1.000000000000000000e+00
1.726131253169198277e-16 1.656016686626959888e-12 1.000000000000000000e+00
1.381235294397968569e-24 7.502833532409269868e-13 1.000000000000000000e+00
6.215286892603915300e-21 7.645737341854808022e-13 1.000000000000000000e+00
1.477524642565376796e-25 5.455037192358264120e-14 1.000000000000000000e+00
8.452753176995958667e-20 7.109446359529134063e-14 1.000000000000000000e+00
9.889178796778070110e-26 3.358123783388233807e-14 1.000000000000000000e+00
7.308637666508384881e-20 1.071494780922888079e-13 1.000000000000000000e+00
1.633924205634494597e-25 6.040571417630785644e-14 1.000000000000000000e+00
6.597941128647086070e-21 2.504745542919462054e-13 1.000000000000000000e+00
3.473519172985106707e-04 4.785747353963643036e-09 9.996526241302490234e-01
5.606426705453733535e-18 9.810549941868806911e-12 1.000000000000000000e+00
2.260374938365600096e-19 2.907621018954920089e-11 1.000000000000000000e+00
5.403435172725652656e-22 2.701549487588161824e-12 1.000000000000000000e+00
6.108019516328845158e-19 3.477193533107936219e-11 1.000000000000000000e+00
2.572764198125902805e-22 1.625042196076384449e-13 1.000000000000000000e+00
7.155774689308585367e-20 1.124415556323643539e-12 1.000000000000000000e+00
4.354020263159489343e-23 1.451622161233526165e-13 1.000000000000000000e+00
1.389106633139261737e-19 2.322715153893484263e-12 1.000000000000000000e+00
2.616770772169220740e-22 3.861162962710135149e-13 1.000000000000000000e+00
9.252889481313083094e-18 4.769705810869773188e-11 1.000000000000000000e+00
3.861424153789750485e-15 2.755895858741475024e-11 1.000000000000000000e+00
9.031212542272146415e-24 1.084634552311891653e-12 1.000000000000000000e+00
2.454164744322992037e-20 4.422172263790491442e-12 1.000000000000000000e+00
5.141238444431468913e-24 4.222771763338906137e-13 1.000000000000000000e+00
8.583212484292642272e-20 8.588761754753371225e-13 1.000000000000000000e+00
1.927770632980433301e-23 4.155914300847315945e-14 1.000000000000000000e+00
7.663441139262646517e-22 1.296709050899180760e-13 1.000000000000000000e+00
1.383303695580067114e-22 7.773056693747767976e-14 1.000000000000000000e+00
7.041606801111361675e-21 1.159649768789697277e-13 1.000000000000000000e+00
9.995890855789184570e-01 6.897688531459778005e-10 4.108947468921542168e-04
2.365169726386907188e-18 3.025232787803172618e-13 1.000000000000000000e+00
1.850482646415081138e-18 5.994373053486157232e-11 1.000000000000000000e+00
1.706369236768046629e-20 4.113354893243298394e-13 1.000000000000000000e+00
7.291689743883544893e-17 7.410347292388652640e-13 1.000000000000000000e+00
2.417978823698064861e-20 1.067683945811873092e-13 1.000000000000000000e+00
6.304210827937283141e-21 8.552287702892971688e-14 1.000000000000000000e+00
1.434874120418133781e-21 8.053001082815314238e-14 1.000000000000000000e+00
4.064966670683747627e-21 8.562570005246281091e-14 1.000000000000000000e+00
1.409764564208978623e-21 8.946972530248301081e-14 1.000000000000000000e+00
9.649865972960469662e-08 8.142998922266997397e-06 9.999917745590209961e-01
6.586861138045992030e-18 5.913985664032783696e-13 1.000000000000000000e+00
3.232886790147190545e-20 1.567791035883558948e-10 1.000000000000000000e+00
9.217079089377145055e-22 1.273551468276845622e-12 1.000000000000000000e+00
1.078174740006377802e-19 7.713225197436557323e-11 1.000000000000000000e+00
3.229643297027509349e-21 1.355070027540816735e-13 1.000000000000000000e+00
1.196068329654103458e-21 2.355667202101618951e-13 1.000000000000000000e+00
3.312733751117174369e-21 1.061087930845014404e-13 1.000000000000000000e+00
3.070659223684495778e-20 5.444478960552057156e-13 1.000000000000000000e+00
6.415049192999945854e-22 1.244032410722614723e-13 1.000000000000000000e+00
9.335111068764731534e-17 1.834438850822905920e-12 1.000000000000000000e+00
5.114326490248104901e-15 1.263954652747090179e-11 1.000000000000000000e+00
8.054899668853258989e-23 2.526719805606703062e-11 1.000000000000000000e+00
6.985232806583899773e-22 4.039625838697658011e-12 1.000000000000000000e+00
8.849335138547105597e-25 2.402852493799817468e-13 1.000000000000000000e+00
4.386750834180029168e-21 1.332838190943458345e-13 1.000000000000000000e+00
2.530180240061842339e-24 3.569466499719203822e-13 1.000000000000000000e+00
1.810346162883388986e-21 7.164267009501790184e-13 1.000000000000000000e+00
3.435611515677815669e-24 1.590417359441376188e-12 1.000000000000000000e+00
4.884169513969613484e-21 2.092946042170362730e-12 1.000000000000000000e+00
2.071733488334379762e-23 7.625071906346148065e-13 1.000000000000000000e+00
2.269816211613977230e-14 1.412032990533163002e-10 1.000000000000000000e+00
2.251970219148741920e-23 1.924648461437694635e-11 1.000000000000000000e+00
2.485139144361086707e-21 3.945974796915052707e-11 1.000000000000000000e+00
1.652144180835738272e-25 6.275153465427896204e-14 1.000000000000000000e+00
8.335935241223010890e-21 8.994526586210416230e-13 1.000000000000000000e+00
1.350845044321911293e-25 4.676543101877171649e-14 1.000000000000000000e+00
3.211730272732083054e-21 9.020778915513893992e-13 1.000000000000000000e+00
3.147033377558259710e-25 1.351092902921596783e-13 1.000000000000000000e+00
1.478942995540302450e-21 1.019402010721259799e-12 1.000000000000000000e+00
4.023321796163201181e-17 1.691825173878724886e-12 1.000000000000000000e+00
2.044571245163676054e-13 3.164666662405779540e-12 1.000000000000000000e+00
1.134021630046310018e-23 5.190159066414956612e-12 1.000000000000000000e+00
1.164403784881298381e-17 3.781553629261802385e-12 1.000000000000000000e+00
1.403312306387677229e-25 3.358700443418724535e-14 1.000000000000000000e+00
7.273767221551358442e-18 9.891313977735891050e-14 1.000000000000000000e+00
3.624134234364631715e-25 1.135486222734148620e-13 1.000000000000000000e+00
2.778136545276709181e-18 1.931899329095723705e-13 1.000000000000000000e+00
4.194426188133156425e-25 1.723699308286974485e-13 1.000000000000000000e+00
1.667224504016714345e-18 3.234421736518500179e-13 1.000000000000000000e+00
2.828908101152292909e-14 8.042624590398270157e-14 1.000000000000000000e+00
3.013446764799261601e-15 1.224823302677091608e-12 1.000000000000000000e+00
3.776451018236494224e-23 3.872405000826528720e-12 1.000000000000000000e+00
9.288948281079967061e-21 2.438622437664350606e-12 1.000000000000000000e+00
5.738373904994273941e-25 4.637628375401235681e-14 1.000000000000000000e+00
1.650403521304158569e-20 1.516778781567029721e-13 1.000000000000000000e+00
4.949375639368140527e-24 4.287624536013570631e-14 1.000000000000000000e+00
3.106215388444631605e-20 2.191401221726327342e-13 1.000000000000000000e+00
4.094889395441792750e-24 1.578199376739419790e-13 1.000000000000000000e+00
3.172026330343747977e-20 2.811717330318541652e-13 1.000000000000000000e+00
