4.306727496441453695e-04 8.372721262276172638e-03 9.911966323852539062e-01
7.771002856316044927e-05 8.049307507462799549e-04 9.991173744201660156e-01
6.754149217158555984e-03 1.157163875177502632e-03 9.920886754989624023e-01
1.143878762377426028e-04 2.280504850205034018e-04 9.996575713157653809e-01
7.638190407305955887e-03 5.902451463043689728e-03 9.864593744277954102e-01
4.117240314371883869e-04 8.475962677039206028e-04 9.987406730651855469e-01
2.757511174422688782e-05 2.365951659157872200e-03 9.976064562797546387e-01
2.211943683505523950e-05 6.019494030624628067e-04 9.993759393692016602e-01
3.110600449144840240e-02 3.718228312209248543e-03 9.651757478713989258e-01
7.149024750106036663e-04 6.456360570155084133e-04 9.986394643783569336e-01
4.206517040729522705e-01 3.431600704789161682e-02 5.450323224067687988e-01
1.494326716056093574e-05 1.042877556756138802e-03 9.989421963691711426e-01
9.799435734748840332e-01 8.186738705262541771e-04 1.923772878944873810e-02
3.076815846725367010e-05 2.606683119665831327e-04 9.997085928916931152e-01
9.923771619796752930e-01 1.797851524315774441e-03 5.824958905577659607e-03
1.010512351058423519e-04 1.021122676320374012e-03 9.988778233528137207e-01
1.879856549203395844e-02 3.467256203293800354e-02 9.465288519859313965e-01
5.935018180025508627e-06 9.922318859025835991e-04 9.990018606185913086e-01
9.890688061714172363e-01 1.925043063238263130e-03 9.006174281239509583e-03
1.411511912010610104e-04 7.208414026536047459e-04 9.991379976272583008e-01
1.146576367318630219e-02 2.598920464515686035e-02 9.625450372695922852e-01
1.637397690501529723e-05 6.146150408312678337e-04 9.993690252304077148e-01
8.566042184829711914e-01 2.446520375087857246e-03 1.409492790699005127e-01
3.561655103112570941e-05 2.080079284496605396e-04 9.997563958168029785e-01
9.077622294425964355e-01 2.170055918395519257e-02 7.053718715906143188e-02
1.347428478766232729e-04 9.038958814926445484e-04 9.989613890647888184e-01
1.682726899161934853e-03 3.117456287145614624e-02 9.671427011489868164e-01
1.013667588267708197e-05 8.725154330022633076e-04 9.991173744201660156e-01
9.574597477912902832e-01 7.429424673318862915e-03 3.511082753539085388e-02
2.002959663514047861e-04 7.365670171566307545e-04 9.990631341934204102e-01
2.025782159762457013e-04 5.231361836194992065e-03 9.945660829544067383e-01
7.131937309168279171e-06 1.147397793829441071e-03 9.988454580307006836e-01
3.177627623081207275e-01 5.878481082618236542e-03 6.763587594032287598e-01
3.643286981969140470e-05 3.847318876069039106e-04 9.995788335800170898e-01
2.680213749408721924e-02 7.141184527426958084e-03 9.660567045211791992e-01
6.304636190179735422e-05 1.078596222214400768e-03 9.988583326339721680e-01
3.437577397562563419e-04 9.998227469623088837e-03 9.896579980850219727e-01
5.218208571022842079e-06 7.704099407419562340e-04 9.992243647575378418e-01
1.154122129082679749e-01 2.647808007895946503e-02 8.581097126007080078e-01
5.252314440440386534e-05 3.584263613447546959e-04 9.995890259742736816e-01
8.241871255449950695e-04 1.160454819910228252e-03 9.980153441429138184e-01
3.266687053837813437e-05 7.604489801451563835e-04 9.992069005966186523e-01
1.007637847214937210e-02 5.304247606545686722e-04 9.893931746482849121e-01
1.069061545422300696e-04 2.103649021591991186e-04 9.996827244758605957e-01
3.047671634703874588e-03 2.543269889429211617e-03 9.944090843200683594e-01
4.171679029241204262e-04 8.077892707660794258e-04 9.987750649452209473e-01
1.593742490513250232e-04 1.886337180621922016e-03 9.979543089866638184e-01
1.498996698501287028e-05 4.769467923324555159e-04 9.995080828666687012e-01
1.180475205183029175e-02 3.333335276693105698e-03 9.848619103431701660e-01
2.720453194342553616e-04 4.512069863267242908e-04 9.992767572402954102e-01
4.216963350772857666e-01 4.002229310572147369e-03 5.743014216423034668e-01
1.197309120470890775e-05 4.736262490041553974e-04 9.995144009590148926e-01
9.768487811088562012e-01 2.675219147931784391e-04 2.288367971777915955e-02
4.707598418463021517e-05 1.356125139864161611e-04 9.998173117637634277e-01
9.606665372848510742e-01 1.391235040500760078e-03 3.794221207499504089e-02
1.315090194111689925e-04 4.399481986183673143e-04 9.994285702705383301e-01
2.327202074229717255e-02 1.720273122191429138e-02 9.595252275466918945e-01
7.188195922935847193e-06 3.383096773177385330e-04 9.996545314788818359e-01
9.765377044677734375e-01 1.718580839224159718e-03 2.174369804561138153e-02
1.732482196530327201e-04 2.915240474976599216e-04 9.995352029800415039e-01
6.186631917953491211e-01 3.231553127989172935e-03 3.781052827835083008e-01
1.408682328474242240e-05 3.861813165713101625e-04 9.995997548103332520e-01
9.945723414421081543e-01 1.142074033850803971e-04 5.313437897711992264e-03
5.121197318658232689e-05 1.314888068009167910e-04 9.998173117637634277e-01
9.975789189338684082e-01 1.597916416358202696e-04 2.261287532746791840e-03
1.553830370539799333e-04 4.435464215930551291e-04 9.994010925292968750e-01
2.551821172237396240e-01 1.366312988102436066e-02 7.311547398567199707e-01
9.744152521307114512e-06 3.421178553253412247e-04 9.996481537818908691e-01
9.971301555633544922e-01 1.198033642140217125e-04 2.750014187768101692e-03
2.021589607466012239e-04 3.783495922107249498e-04 9.994195103645324707e-01
7.644296623766422272e-03 4.021076019853353500e-03 9.883346557617187500e-01
6.109923106123460457e-06 6.499602459371089935e-04 9.993439316749572754e-01
3.013124763965606689e-01 2.086842432618141174e-03 6.966006755828857422e-01
5.312346183927729726e-05 2.007345465244725347e-04 9.997461438179016113e-01
8.298421651124954224e-02 2.181414049118757248e-03 9.148343801498413086e-01
8.723055361770093441e-05 5.664846394211053848e-04 9.993462562561035156e-01
9.397092275321483612e-03 1.057705935090780258e-02 9.800258278846740723e-01
7.380827810266055167e-06 3.589000261854380369e-04 9.996337294578552246e-01
5.486664175987243652e-01 7.556094322353601456e-03 4.437774717807769775e-01
7.343813194893300533e-05 2.140072756446897984e-04 9.997125267982482910e-01
4.197659492492675781e-01 3.541576862335205078e-02 5.448182821273803711e-01
2.306970418430864811e-05 1.154819852672517300e-03 9.988220930099487305e-01
9.784856438636779785e-01 6.002270965836942196e-04 2.091411687433719635e-02
1.786832945072092116e-05 4.673566436395049095e-04 9.995147585868835449e-01
9.892272353172302246e-01 9.503356413915753365e-04 9.822439402341842651e-03
1.623467105673626065e-04 2.839741064235568047e-03 9.969978928565979004e-01
5.174606107175350189e-03 1.499704923480749130e-02 9.798283576965332031e-01
1.036690264299977571e-05 1.237000455148518085e-03 9.987526535987854004e-01
9.562757611274719238e-01 1.680681016296148300e-03 4.204352945089340210e-02
1.283934834646061063e-04 1.024699537083506584e-03 9.988468885421752930e-01
1.559969037771224976e-01 3.353966772556304932e-02 8.104634284973144531e-01
3.421068322495557368e-05 5.409559817053377628e-04 9.994248151779174805e-01
9.274218082427978516e-01 6.468167412094771862e-04 7.193137705326080322e-02
3.086831202381290495e-05 2.686589141376316547e-04 9.997004866600036621e-01
9.385249614715576172e-01 7.251828792504966259e-04 6.074986979365348816e-02
1.750982628436759114e-04 1.414828933775424957e-03 9.984100461006164551e-01
1.016491907648742199e-03 6.067803129553794861e-03 9.929156899452209473e-01
1.593011438671965152e-05 7.379982271231710911e-04 9.992460608482360840e-01
9.446804523468017578e-01 6.250697188079357147e-04 5.469450354576110840e-02
3.467373026069253683e-04 6.996552110649645329e-04 9.989535808563232422e-01
4.894492667517624795e-05 1.282132114283740520e-03 9.986689090728759766e-01
3.255892443121410906e-05 4.675322561524808407e-04 9.994999170303344727e-01
4.675348172895610332e-04 3.058831498492509127e-04 9.992265701293945312e-01
6.937079888302832842e-05 2.390969020780175924e-04 9.996915459632873535e-01
1.362747279927134514e-03 2.672937931492924690e-03 9.959642887115478516e-01
3.272530739195644855e-04 1.350093516521155834e-03 9.983226656913757324e-01
4.842173439101316035e-06 5.644104676321148872e-04 9.994307756423950195e-01
2.295614467584528029e-05 8.160390425473451614e-04 9.991610050201416016e-01
3.997655585408210754e-03 2.092175185680389404e-03 9.939101934432983398e-01
5.524402949959039688e-04 7.582422695122659206e-04 9.986892938613891602e-01
2.871088327083270997e-06 1.495171803981065750e-03 9.985019564628601074e-01
1.036757294059498236e-05 6.360012339428067207e-04 9.993536472320556641e-01
7.846943335607647896e-04 1.241452991962432861e-03 9.979738593101501465e-01
4.603266279445961118e-05 3.725974238477647305e-04 9.995813965797424316e-01
6.209786079125478864e-05 1.103584538213908672e-03 9.988343119621276855e-01
1.171914045698940754e-04 1.475661876611411572e-03 9.984071254730224609e-01
2.961210384455625899e-06 1.920361071825027466e-03 9.980766773223876953e-01
9.116302862821612507e-06 5.547214532271027565e-04 9.994361400604248047e-01
2.114319358952343464e-04 1.955329906195402145e-03 9.978332519531250000e-01
7.868000102462247014e-05 3.233210009057074785e-04 9.995980262756347656e-01
2.305248752236366272e-03 2.983299084007740021e-03 9.947114586830139160e-01
2.207565921708010137e-05 9.367399616166949272e-04 9.990411996841430664e-01
8.057682514190673828e-01 2.909395610913634300e-03 1.913223415613174438e-01
3.546801599441096187e-05 4.065833054482936859e-04 9.995579719543457031e-01
5.383046269416809082e-01 1.488351635634899139e-02 4.468118548393249512e-01
1.886092795757576823e-04 2.178111812099814415e-03 9.976332783699035645e-01
3.606293175835162401e-04 6.276706233620643616e-03 9.933626651763916016e-01
9.932008651958312839e-06 9.329364984296262264e-04 9.990571141242980957e-01
4.288776516914367676e-01 9.971851482987403870e-03 5.611504912376403809e-01
1.611915649846196175e-04 7.693804218433797359e-04 9.990694522857666016e-01
1.250389069318771362e-01 4.754759371280670166e-03 8.702063560485839844e-01
4.260525747667998075e-05 7.553529576398432255e-04 9.992020130157470703e-01
9.807078242301940918e-01 4.693345981650054455e-04 1.882283203303813934e-02
5.662014882545918226e-05 3.080112510360777378e-04 9.996353983879089355e-01
9.892418980598449707e-01 1.012567663565278053e-04 1.065687090158462524e-02
1.837111194618046284e-04 1.185657107271254063e-03 9.986306428909301758e-01
1.071807276457548141e-02 3.130753990262746811e-03 9.861511588096618652e-01
1.535774390504229814e-05 6.127185770310461521e-04 9.993719458580017090e-01
9.520722031593322754e-01 2.206821372965350747e-04 4.770709574222564697e-02
3.116992884315550327e-04 6.096853758208453655e-04 9.990786314010620117e-01
2.134987880708649755e-05 1.926501863636076450e-04 9.997860193252563477e-01
3.876581104123033583e-05 6.967349909245967865e-04 9.992644786834716797e-01
5.316348979249596596e-04 5.949283367954194546e-04 9.988734126091003418e-01
7.100761285983026028e-05 2.384742983849719167e-04 9.996905326843261719e-01
2.629097143653780222e-04 1.373977051116526127e-03 9.983631372451782227e-01
3.205488028470426798e-04 1.031882478855550289e-03 9.986475706100463867e-01
6.973176823521498591e-06 4.600384272634983063e-04 9.995329976081848145e-01
1.578816409164573997e-05 5.852300091646611691e-04 9.993990063667297363e-01
6.846500327810645103e-04 1.226348686031997204e-03 9.980890154838562012e-01
3.416810650378465652e-04 4.077402409166097641e-04 9.992505908012390137e-01
3.605871143008698709e-06 7.138829096220433712e-04 9.992825388908386230e-01
2.088303335767704993e-05 9.250376024283468723e-04 9.990540742874145508e-01
8.044591522775590420e-04 9.691730956546962261e-04 9.982263445854187012e-01
7.450502744177356362e-05 3.465580230113118887e-04 9.995789527893066406e-01
2.590700023574754596e-05 5.236191209405660629e-04 9.994504451751708984e-01
1.859457261161878705e-04 1.285733073018491268e-03 9.985283017158508301e-01
8.320118922711117193e-07 8.083528373390436172e-04 9.991908073425292969e-01
1.660954512772150338e-05 6.372244097292423248e-04 9.993461370468139648e-01
6.665500404778867960e-05 1.122199581004679203e-03 9.988111257553100586e-01
1.199536200147122145e-04 2.778404741548001766e-04 9.996021986007690430e-01
3.958877176046371460e-03 2.108352817595005035e-02 9.749575853347778320e-01
2.005654096137732267e-05 5.507087334990501404e-04 9.994292259216308594e-01
8.564775586128234863e-01 8.386062458157539368e-03 1.351363807916641235e-01
4.488789272727444768e-05 2.787715056911110878e-04 9.996763467788696289e-01
3.904323652386665344e-02 1.320195011794567108e-02 9.477548003196716309e-01
1.944544928846880794e-04 8.172970265150070190e-04 9.989882707595825195e-01
1.909889979287981987e-03 3.588659316301345825e-02 9.622035026550292969e-01
7.792847100063227117e-06 7.043068762868642807e-04 9.992879033088684082e-01
1.778399944305419922e-01 9.152688086032867432e-03 8.130072951316833496e-01
1.315673289354890585e-04 6.401488208211958408e-04 9.992282986640930176e-01
5.033308267593383789e-02 4.348948225378990173e-02 9.061774611473083496e-01
4.028460534755140543e-05 3.639461356215178967e-04 9.995957612991333008e-01
5.224723815917968750e-01 4.521730821579694748e-03 4.730059206485748291e-01
9.200524800689890981e-05 1.711967488517984748e-04 9.997367858886718750e-01
2.862707674503326416e-01 3.928100690245628357e-03 7.098011374473571777e-01
2.973615191876888275e-04 4.694058734457939863e-04 9.992332458496093750e-01
5.428067408502101898e-03 1.585230231285095215e-02 9.787196516990661621e-01
2.096969728881958872e-05 4.574709455482661724e-04 9.995215535163879395e-01
8.450648188591003418e-01 7.196338265202939510e-04 1.542155295610427856e-01
3.907187492586672306e-04 4.651676281355321407e-04 9.991441369056701660e-01
6.911728996783494949e-05 3.918174654245376587e-03 9.960126876831054688e-01
1.931535007315687835e-05 3.439334686845541000e-04 9.996367692947387695e-01
8.049002848565578461e-03 1.117268484085798264e-02 9.807783365249633789e-01
6.745262362528592348e-05 1.710446376819163561e-04 9.997615218162536621e-01
5.786281544715166092e-04 1.351498253643512726e-02 9.859063625335693359e-01
2.255889849038794637e-04 5.167196504771709442e-04 9.992576837539672852e-01
2.913394564529880881e-05 6.295744795352220535e-03 9.936751127243041992e-01
1.116393104894086719e-05 5.760269123129546642e-04 9.994128346443176270e-01
3.389340825378894806e-03 5.364365875720977783e-03 9.912462830543518066e-01
2.011970791500061750e-04 3.717468935064971447e-04 9.994270801544189453e-01
3.128329408355057240e-04 1.191126648336648941e-02 9.877759218215942383e-01
3.071643004659563303e-05 2.983945014420896769e-04 9.996708631515502930e-01
8.280932903289794922e-03 3.248953726142644882e-03 9.884701371192932129e-01
8.435948984697461128e-05 1.260611752513796091e-04 9.997895956039428711e-01
6.969393580220639706e-04 6.414004135876893997e-03 9.928890466690063477e-01
3.214367607142776251e-04 3.691749006975442171e-04 9.993093609809875488e-01
1.328901362285250798e-05 5.835629999637603760e-03 9.941510558128356934e-01
2.128578853444196284e-05 5.591396475210785866e-04 9.994195699691772461e-01
9.320968762040138245e-03 2.469552913680672646e-03 9.882094860076904297e-01
3.306568542029708624e-04 4.285020404495298862e-04 9.992408156394958496e-01
