8.440837570363278882e-26 2.800369358873632669e-14 1.000000000000000000e+00
1.992807481450474398e-23 1.220770359799949745e-11 1.000000000000000000e+00
4.776377022903543240e-23 3.622256032446979912e-13 1.000000000000000000e+00
3.878890412795705033e-22 7.457656714393579023e-11 1.000000000000000000e+00
4.489657381912120093e-25 1.050000879429177636e-13 1.000000000000000000e+00
3.512006982995516863e-22 1.098239763019925874e-10 1.000000000000000000e+00
1.583625014367973486e-23 1.029056961171503914e-11 1.000000000000000000e+00
8.864886269116089491e-23 5.970957756007422290e-11 1.000000000000000000e+00
2.864435199530731630e-24 2.891127278987354332e-13 1.000000000000000000e+00
2.270906888287444727e-22 6.521529150038674061e-11 1.000000000000000000e+00
3.826549286630455542e-25 1.088607150387041478e-13 1.000000000000000000e+00
3.591725984415786596e-23 1.032063865792631763e-12 1.000000000000000000e+00
3.133716750723577697e-22 1.948694461004207845e-12 1.000000000000000000e+00
2.971906460125308636e-21 1.515504193493055762e-12 1.000000000000000000e+00
2.690695495577333516e-22 1.568142317387444251e-12 1.000000000000000000e+00
5.479265057066569144e-20 3.491515410125600738e-11 1.000000000000000000e+00
4.452548359132869541e-23 9.045887303105182298e-12 1.000000000000000000e+00
1.952268222453754206e-21 3.035651591209997946e-11 1.000000000000000000e+00
1.725514711708562920e-21 3.692073556604835716e-12 1.000000000000000000e+00
2.569824142562225407e-20 1.135383453920724151e-11 1.000000000000000000e+00
4.505303944929113099e-25 6.043671558217736384e-14 1.000000000000000000e+00
3.521209518771463098e-22 3.495683018224504668e-13 1.000000000000000000e+00
1.322519304687081922e-20 5.189008402649297746e-13 1.000000000000000000e+00
8.135936257311865065e-22 2.586286490958294992e-13 1.000000000000000000e+00
2.156820183343699140e-22 1.659215435401498184e-13 1.000000000000000000e+00
2.357159884483963334e-20 6.379476807927275672e-12 1.000000000000000000e+00
8.783023964170770477e-23 9.859021585234550855e-12 1.000000000000000000e+00
6.116127404983770688e-21 1.630915541506183786e-11 1.000000000000000000e+00
5.535400247620802542e-20 4.133609253498260472e-12 1.000000000000000000e+00
4.053850300291572593e-20 4.903551523161020498e-12 1.000000000000000000e+00
4.708049283395191648e-24 2.991027347673536063e-12 1.000000000000000000e+00
4.131735857701654066e-22 1.036939522962299076e-12 1.000000000000000000e+00
7.170236468903608946e-18 3.117403002406149426e-09 1.000000000000000000e+00
8.543033478507586067e-20 9.917331712794297260e-13 1.000000000000000000e+00
1.540040512463385002e-22 1.855352156632239513e-11 1.000000000000000000e+00
1.660376172327811260e-18 2.828626395612321431e-11 1.000000000000000000e+00
4.216343840359249125e-23 2.077487661067412006e-11 1.000000000000000000e+00
8.663600141886661612e-22 2.914661567654519558e-11 1.000000000000000000e+00
8.087729358668818024e-21 3.778686044619838924e-11 1.000000000000000000e+00
1.821043081619165744e-18 1.708246218090625490e-11 1.000000000000000000e+00
2.755320550766240193e-24 1.623441398673763914e-12 1.000000000000000000e+00
3.069294488007576185e-24 1.470127188388237194e-12 1.000000000000000000e+00
7.587183887696169246e-19 3.262487779931433352e-10 1.000000000000000000e+00
4.130223011812057419e-22 5.119763640815122585e-11 1.000000000000000000e+00
1.542087107952341428e-21 1.979195141110778877e-10 1.000000000000000000e+00
1.569803382447596139e-23 1.887878742223847439e-12 1.000000000000000000e+00
1.115473932442753588e-23 9.372834106069483084e-12 1.000000000000000000e+00
2.632006484593861065e-23 2.936110035656191997e-11 1.000000000000000000e+00
2.682778543876136736e-18 2.330243220605154875e-10 1.000000000000000000e+00
7.604931515249021325e-23 4.780687564570618164e-12 1.000000000000000000e+00
1.958375974856984269e-22 3.798831475082531384e-12 1.000000000000000000e+00
1.799506109640384975e-24 2.396668746709046394e-13 1.000000000000000000e+00
4.083929917332584925e-13 8.366345838339839247e-09 1.000000000000000000e+00
1.028251740475902998e-20 2.053651302832970593e-12 1.000000000000000000e+00
3.244280531000860802e-18 1.875072735968430493e-10 1.000000000000000000e+00
3.808715366151161189e-22 2.415281787505191291e-13 1.000000000000000000e+00
3.341910775127844931e-23 9.831098608803490180e-12 1.000000000000000000e+00
1.074063389197991273e-23 1.749272384929390078e-12 1.000000000000000000e+00
5.015388104823159665e-11 9.763039265919815080e-09 1.000000000000000000e+00
1.024090088993191446e-21 2.520594410276855157e-13 1.000000000000000000e+00
6.027751257818431939e-25 1.132300497938207307e-13 1.000000000000000000e+00
1.075118549981064449e-20 3.741869661344487952e-12 1.000000000000000000e+00
7.490092173892822475e-21 1.474479826429897500e-12 1.000000000000000000e+00
9.192863465801947534e-19 1.720242698288743100e-11 1.000000000000000000e+00
8.804014093466026942e-25 5.352578731805668344e-14 1.000000000000000000e+00
6.871751239995992845e-20 5.039778273527306673e-13 1.000000000000000000e+00
1.847832675327310423e-23 7.319437590747046585e-12 1.000000000000000000e+00
4.726084110969827689e-22 2.051940431804788467e-12 1.000000000000000000e+00
6.081282970979599921e-19 1.017984134488170156e-11 1.000000000000000000e+00
8.845447608529675911e-19 5.276718189999030084e-13 1.000000000000000000e+00
7.911321178086772414e-22 1.074958455582475381e-09 1.000000000000000000e+00
1.816779102684412876e-22 5.012984818919541397e-12 1.000000000000000000e+00
9.113606526752913647e-16 1.202087446472432930e-06 9.999988079071044922e-01
5.630428178107572186e-19 2.958252393048255158e-11 1.000000000000000000e+00
1.559324614877408867e-21 1.549742223438954625e-09 1.000000000000000000e+00
4.703140552236243210e-20 4.279768813647555348e-12 1.000000000000000000e+00
7.896030655606437333e-23 9.087273988850341766e-11 1.000000000000000000e+00
4.379105724401155430e-23 1.676238141345987032e-11 1.000000000000000000e+00
2.852490014006207950e-20 2.089763206924999395e-08 1.000000000000000000e+00
2.103142896567872058e-19 1.227358275776579966e-12 1.000000000000000000e+00
1.110153721377665329e-25 3.888098407144914559e-14 1.000000000000000000e+00
3.070840458166583063e-24 4.115952641648573662e-13 1.000000000000000000e+00
5.288036308106598647e-23 2.903096328870508058e-13 1.000000000000000000e+00
1.093014999362238965e-22 6.892949752645982642e-13 1.000000000000000000e+00
5.126809799821742101e-22 4.738826518690952838e-12 1.000000000000000000e+00
1.269822507645394692e-21 6.756757046227912511e-12 1.000000000000000000e+00
7.030243190351893341e-24 2.275917952362926933e-12 1.000000000000000000e+00
2.497626017318942861e-22 2.811972182881206095e-11 1.000000000000000000e+00
1.594100026960251906e-21 2.919556523622857114e-12 1.000000000000000000e+00
4.100726076305327148e-21 6.234050168446580997e-12 1.000000000000000000e+00
3.003882486873295921e-25 3.663693968428832770e-14 1.000000000000000000e+00
1.256502087178619472e-24 2.448758969035569333e-13 1.000000000000000000e+00
2.453315333231476646e-18 4.803608682699134214e-13 1.000000000000000000e+00
2.872557342965323376e-22 1.789181216377278005e-12 1.000000000000000000e+00
3.655714720732714848e-22 4.256662567998087399e-13 1.000000000000000000e+00
3.286300120277598331e-22 1.971112292484256123e-12 1.000000000000000000e+00
1.170033319696266460e-22 6.276859674386736643e-12 1.000000000000000000e+00
9.325259182515830212e-23 8.338278852104696881e-12 1.000000000000000000e+00
1.375051025074395837e-19 9.086692986590150234e-13 1.000000000000000000e+00
1.111600562289246003e-22 4.656767593064214950e-13 1.000000000000000000e+00
5.315539233592314524e-24 3.554972207451059796e-14 1.000000000000000000e+00
5.403146386525469348e-22 1.761928954515171175e-13 1.000000000000000000e+00
2.654336558898960294e-18 4.452500854449335799e-14 1.000000000000000000e+00
3.405851952598519219e-21 1.909344671301507756e-13 1.000000000000000000e+00
5.100983730718705561e-21 1.269219917967440159e-13 1.000000000000000000e+00
1.531237491190811241e-20 9.869684279920076797e-13 1.000000000000000000e+00
2.024460935480138212e-22 4.620193659078675186e-13 1.000000000000000000e+00
1.003574374019903293e-20 4.773024857296359613e-12 1.000000000000000000e+00
2.166866984566139317e-20 1.464012288135418949e-13 1.000000000000000000e+00
7.409949358528944563e-21 2.813417901426085166e-13 1.000000000000000000e+00
3.395700330773322985e-25 1.568159393571660898e-13 1.000000000000000000e+00
1.263189108822023281e-21 2.263850727973054644e-13 1.000000000000000000e+00
3.547911805595534142e-19 1.402044175202732390e-10 1.000000000000000000e+00
9.205531736883197153e-19 3.723733832134562549e-13 1.000000000000000000e+00
2.778500321276118620e-23 1.359438603354412578e-11 1.000000000000000000e+00
1.172748713772978345e-17 4.747312352254562384e-12 1.000000000000000000e+00
1.336989230072434587e-23 1.033642355735553409e-11 1.000000000000000000e+00
1.326794229022718521e-20 1.891617418259272654e-11 1.000000000000000000e+00
2.006721725641124693e-23 2.946717739607529474e-12 1.000000000000000000e+00
1.214975622299320365e-17 1.078306064231093764e-12 1.000000000000000000e+00
3.379966409694116257e-21 2.174257518819389112e-12 1.000000000000000000e+00
9.080405119460823491e-24 1.746217916358955291e-13 1.000000000000000000e+00
1.536836589520647334e-14 1.910530587900804989e-11 1.000000000000000000e+00
8.738613871997213890e-22 4.343317697684534462e-13 1.000000000000000000e+00
3.689493236749483152e-14 1.017127271296658364e-09 1.000000000000000000e+00
9.004497508970459938e-21 1.414071767666391644e-12 1.000000000000000000e+00
1.151750387541438231e-19 2.636962002922071946e-11 1.000000000000000000e+00
2.982229658014099082e-21 2.494726127066915211e-11 1.000000000000000000e+00
3.551330252093976014e-08 1.955084844018628587e-10 9.999999403953552246e-01
8.758612902010244005e-20 3.400019632157635918e-12 1.000000000000000000e+00
1.374009999037913539e-23 1.244416895918032395e-13 1.000000000000000000e+00
8.100689573413355752e-23 2.736497009894756083e-13 1.000000000000000000e+00
2.873361784188966865e-19 2.859010771183445598e-12 1.000000000000000000e+00
4.013139895586436423e-19 5.918062047360894695e-12 1.000000000000000000e+00
3.046364983619879124e-22 1.428564406526222630e-12 1.000000000000000000e+00
7.923349830143778270e-20 5.977902634707321639e-13 1.000000000000000000e+00
1.210570761460383610e-18 5.084559884238615268e-09 1.000000000000000000e+00
2.264843539286847744e-21 1.722155729654006873e-12 1.000000000000000000e+00
1.675341337854482812e-17 3.715187012198750693e-12 1.000000000000000000e+00
1.916936010382118576e-19 4.838311283734963997e-13 1.000000000000000000e+00
2.901350680985617386e-18 1.038396712366163044e-11 1.000000000000000000e+00
2.590263531140856719e-22 9.693358989830772043e-14 1.000000000000000000e+00
2.267348087059417594e-08 2.933417744821475992e-11 1.000000000000000000e+00
1.344063563014323645e-20 1.371011729709228910e-13 1.000000000000000000e+00
1.579023573678416115e-14 3.343705312630618209e-10 1.000000000000000000e+00
2.691211604984675104e-20 2.830804167464062715e-13 1.000000000000000000e+00
4.006638772959652471e-19 3.241391183239628049e-11 1.000000000000000000e+00
2.338664642975160481e-20 3.499080365731987996e-12 1.000000000000000000e+00
4.274078037269646302e-06 1.967807722325076725e-10 9.999957084655761719e-01
4.710412309925893947e-20 1.916872422510346174e-13 1.000000000000000000e+00
2.373266480415305930e-19 3.900897660447100179e-10 1.000000000000000000e+00
1.640597053814014300e-22 1.644213329940816259e-13 1.000000000000000000e+00
1.850984965301449847e-08 6.352951231747283600e-07 9.999993443489074707e-01
9.288315455599621317e-20 2.456936834972084371e-13 1.000000000000000000e+00
1.121524331737511204e-10 7.117566838132916018e-07 9.999992847442626953e-01
1.350947111271571322e-19 9.256920317085581829e-13 1.000000000000000000e+00
3.386760323561588436e-18 1.161250207104558285e-09 1.000000000000000000e+00
8.016896364163996405e-21 1.183132238014028559e-11 1.000000000000000000e+00
3.719722284096366183e-13 1.886211151713723666e-07 9.999998211860656738e-01
1.313014805578391567e-18 4.826108588283639644e-13 1.000000000000000000e+00
1.441324856921179456e-22 1.063771987164230381e-11 1.000000000000000000e+00
4.128728644200304668e-21 5.617594605634990135e-13 1.000000000000000000e+00
6.170569621780397996e-20 2.649302001736519863e-12 1.000000000000000000e+00
3.745238907270841323e-20 6.045600218357316535e-13 1.000000000000000000e+00
6.359474813129564937e-21 7.689366504637362709e-12 1.000000000000000000e+00
7.281203058270327316e-19 6.065295835022688209e-12 1.000000000000000000e+00
4.484663517673141108e-23 9.861729488580550651e-12 1.000000000000000000e+00
1.375668708464329172e-21 2.442156719906218854e-11 1.000000000000000000e+00
3.641443940210745318e-17 3.924133934463114315e-11 1.000000000000000000e+00
2.220531457716510712e-19 4.427032958970178456e-12 1.000000000000000000e+00
2.467386123145344578e-24 1.307757721558111541e-12 1.000000000000000000e+00
2.322305732723182202e-21 5.171354663935368023e-12 1.000000000000000000e+00
1.328516202569377983e-20 3.359097999755533692e-10 1.000000000000000000e+00
4.416174188174643082e-18 4.528545941018258247e-11 1.000000000000000000e+00
2.004502068269059071e-24 6.753390706902562268e-13 1.000000000000000000e+00
4.335003368255120753e-19 1.038289766663869074e-11 1.000000000000000000e+00
2.488477250302296490e-22 1.817590800090584935e-10 1.000000000000000000e+00
2.671856588392892939e-21 5.193597982233733035e-11 1.000000000000000000e+00
9.995649430307293597e-24 3.562021120770419991e-12 1.000000000000000000e+00
8.328434070160347399e-21 2.190328430781707247e-12 1.000000000000000000e+00
3.284506313687998167e-23 4.623510341944525592e-12 1.000000000000000000e+00
8.135611664854033295e-18 3.979932160745602854e-13 1.000000000000000000e+00
5.703710176525176291e-20 8.246717544957427037e-12 1.000000000000000000e+00
3.221712975938882824e-17 3.457923780213895126e-13 1.000000000000000000e+00
2.049622064259833098e-22 1.666879850294178400e-12 1.000000000000000000e+00
6.209283545944015593e-16 6.280033350986036211e-12 1.000000000000000000e+00
2.571977798466706083e-23 1.217549758930625003e-11 1.000000000000000000e+00
3.573815741959456472e-19 1.689507561630776422e-11 1.000000000000000000e+00
1.699197201194235415e-21 3.322842218392296765e-12 1.000000000000000000e+00
3.252783203235354629e-17 9.275636899189199092e-13 1.000000000000000000e+00
3.631367479312686929e-20 3.166357150433118939e-12 1.000000000000000000e+00
5.083251692571953588e-20 2.585516978466373406e-13 1.000000000000000000e+00
6.607699058447121627e-18 2.205057154664596952e-13 1.000000000000000000e+00
9.045435840708445680e-20 2.668500999596784551e-13 1.000000000000000000e+00
3.755285830066213326e-18 1.098881321224057239e-13 1.000000000000000000e+00
3.975989663313031413e-19 1.280246633532378109e-12 1.000000000000000000e+00
2.698017847397566018e-19 2.148706386428944626e-11 1.000000000000000000e+00
4.124905114909877670e-20 8.940294685122474050e-12 1.000000000000000000e+00
2.280738987673313377e-18 8.533232280505398393e-12 1.000000000000000000e+00
8.368214025923332124e-20 5.350621746884332008e-13 1.000000000000000000e+00
