2.343673631548881531e-02 5.875834226608276367e-01 3.889798223972320557e-01
2.343674190342426300e-02 5.875835418701171875e-01 3.889797031879425049e-01
3.409390524029731750e-02 6.428067088127136230e-01 3.230994045734405518e-01
3.409389778971672058e-02 6.428065299987792969e-01 3.230995833873748779e-01
2.071420289576053619e-02 6.010440587997436523e-01 3.782417178153991699e-01
2.071419917047023773e-02 6.010439395904541016e-01 3.782418370246887207e-01
1.731770299375057220e-02 5.757826566696166992e-01 4.068996310234069824e-01
1.731770299375057220e-02 5.757825970649719238e-01 4.068996906280517578e-01
1.954656653106212616e-02 6.432257890701293945e-01 3.372276425361633301e-01
1.954656466841697693e-02 6.432257294654846191e-01 3.372276723384857178e-01
2.258499898016452789e-02 4.470856487751007080e-01 5.303293466567993164e-01
2.258499898016452789e-02 4.470856487751007080e-01 5.303293466567993164e-01
4.356671497225761414e-02 6.006867885589599609e-01 3.557464778423309326e-01
4.356670752167701721e-02 6.006867289543151855e-01 3.557465672492980957e-01
2.190101705491542816e-02 4.776383042335510254e-01 5.004606842994689941e-01
2.190101891756057739e-02 4.776382446289062500e-01 5.004607439041137695e-01
1.813923753798007965e-02 4.522941410541534424e-01 5.295666456222534180e-01
1.813923753798007965e-02 4.522939622402191162e-01 5.295668244361877441e-01
2.636113017797470093e-02 6.214827299118041992e-01 3.521561324596405029e-01
2.636112645268440247e-02 6.214826703071594238e-01 3.521562218666076660e-01
1.269684173166751862e-02 3.035881221294403076e-01 6.837150454521179199e-01
1.269685104489326477e-02 3.035882413387298584e-01 6.837149262428283691e-01
3.801291808485984802e-02 5.877539515495300293e-01 3.742331564426422119e-01
3.801292181015014648e-02 5.877539515495300293e-01 3.742330968379974365e-01
1.407019048929214478e-02 3.676164150238037109e-01 6.183133721351623535e-01
1.407019142061471939e-02 3.676163554191589355e-01 6.183134317398071289e-01
1.418586727231740952e-02 4.026455283164978027e-01 5.831686258316040039e-01
1.418586727231740952e-02 4.026455283164978027e-01 5.831686258316040039e-01
1.611633412539958954e-02 4.918010830879211426e-01 4.920825660228729248e-01
1.611633785068988800e-02 4.918012022972106934e-01 4.920824468135833740e-01
5.322457291185855865e-03 1.923884600400924683e-01 8.022890686988830566e-01
5.322458688169717789e-03 1.923885792493820190e-01 8.022889494895935059e-01
1.562195830047130585e-02 3.545917868614196777e-01 6.297862529754638672e-01
1.562196854501962662e-02 3.545919954776763916e-01 6.297860145568847656e-01
5.478455219417810440e-03 2.045352905988693237e-01 7.899862527847290039e-01
5.478459410369396210e-03 2.045354545116424561e-01 7.899860739707946777e-01
6.464988924562931061e-03 2.469898015260696411e-01 7.465451955795288086e-01
6.464990787208080292e-03 2.469898909330368042e-01 7.465451359748840332e-01
4.864461254328489304e-03 2.298595756292343140e-01 7.652759552001953125e-01
4.864463116973638535e-03 2.298596650362014771e-01 7.652758955955505371e-01
2.343673631548881531e-02 5.875834226608276367e-01 3.889798223972320557e-01
2.343674190342426300e-02 5.875835418701171875e-01 3.889797031879425049e-01
3.409390524029731750e-02 6.428067088127136230e-01 3.230994045734405518e-01
3.409389778971672058e-02 6.428065299987792969e-01 3.230995833873748779e-01
2.071420289576053619e-02 6.010440587997436523e-01 3.782417178153991699e-01
2.071419917047023773e-02 6.010439395904541016e-01 3.782418370246887207e-01
1.731770299375057220e-02 5.757826566696166992e-01 4.068996310234069824e-01
1.731770299375057220e-02 5.757825970649719238e-01 4.068996906280517578e-01
1.954656653106212616e-02 6.432257890701293945e-01 3.372276425361633301e-01
1.954656466841697693e-02 6.432257294654846191e-01 3.372276723384857178e-01
2.748950757086277008e-02 5.282076597213745117e-01 4.443028271198272705e-01
2.748951315879821777e-02 5.282077789306640625e-01 4.443027079105377197e-01
3.697466477751731873e-02 5.301812887191772461e-01 4.328440427780151367e-01
3.697467967867851257e-02 5.301815271377563477e-01 4.328438043594360352e-01
2.550678700208663940e-02 5.463753342628479004e-01 4.281178712844848633e-01
2.550678513944149017e-02 5.463752746582031250e-01 4.281179010868072510e-01
1.688784360885620117e-02 4.460093379020690918e-01 5.371028184890747070e-01
1.688784547150135040e-02 4.460093975067138672e-01 5.371027588844299316e-01
2.670026756823062897e-02 6.186211109161376953e-01 3.546786308288574219e-01
2.670026198029518127e-02 6.186209917068481445e-01 3.546787500381469727e-01
1.768153160810470581e-02 4.301056265830993652e-01 5.522128343582153320e-01
1.768152229487895966e-02 4.301054775714874268e-01 5.522130131721496582e-01
3.264722973108291626e-02 5.535284876823425293e-01 4.138242602348327637e-01
3.264722973108291626e-02 5.535284876823425293e-01 4.138242602348327637e-01
1.822113618254661560e-02 4.939729869365692139e-01 4.878058731555938721e-01
1.822113990783691406e-02 4.939730763435363770e-01 4.878057837486267090e-01
1.398363895714282990e-02 4.472314417362213135e-01 5.387849211692810059e-01
1.398364733904600143e-02 4.472317397594451904e-01 5.387846231460571289e-01
1.701100729405879974e-02 5.364061594009399414e-01 4.465828537940979004e-01
1.701100915670394897e-02 5.364062190055847168e-01 4.465827345848083496e-01
1.272896490991115570e-02 3.589697778224945068e-01 6.283012628555297852e-01
1.272896863520145416e-02 3.589698970317840576e-01 6.283011436462402344e-01
2.278011105954647064e-02 4.269880950450897217e-01 5.502317547798156738e-01
2.278011851012706757e-02 4.269882738590240479e-01 5.502315759658813477e-01
1.334498822689056396e-02 3.820882737636566162e-01 6.045667529106140137e-01
1.334498822689056396e-02 3.820882737636566162e-01 6.045667529106140137e-01
1.217331457883119583e-02 3.792390227317810059e-01 6.085876822471618652e-01
1.217331457883119583e-02 3.792390227317810059e-01 6.085876822471618652e-01
9.473692625761032104e-03 3.498610854148864746e-01 6.406652331352233887e-01
9.473699145019054413e-03 3.498612046241760254e-01 6.406650543212890625e-01
2.258499898016452789e-02 4.470856487751007080e-01 5.303293466567993164e-01
2.258499898016452789e-02 4.470856487751007080e-01 5.303293466567993164e-01
4.356671497225761414e-02 6.006867885589599609e-01 3.557464778423309326e-01
4.356670752167701721e-02 6.006867289543151855e-01 3.557465672492980957e-01
2.190101705491542816e-02 4.776383042335510254e-01 5.004606842994689941e-01
2.190101891756057739e-02 4.776382446289062500e-01 5.004607439041137695e-01
1.813923753798007965e-02 4.522941410541534424e-01 5.295666456222534180e-01
1.813923753798007965e-02 4.522939622402191162e-01 5.295668244361877441e-01
2.636113017797470093e-02 6.214827299118041992e-01 3.521561324596405029e-01
2.636112645268440247e-02 6.214826703071594238e-01 3.521562218666076660e-01
2.748950757086277008e-02 5.282076597213745117e-01 4.443028271198272705e-01
2.748951315879821777e-02 5.282077789306640625e-01 4.443027079105377197e-01
3.697466477751731873e-02 5.301812887191772461e-01 4.328440427780151367e-01
3.697467967867851257e-02 5.301815271377563477e-01 4.328438043594360352e-01
2.550678700208663940e-02 5.463753342628479004e-01 4.281178712844848633e-01
2.550678513944149017e-02 5.463752746582031250e-01 4.281179010868072510e-01
1.688784360885620117e-02 4.460093379020690918e-01 5.371028184890747070e-01
1.688784547150135040e-02 4.460093975067138672e-01 5.371027588844299316e-01
2.670026756823062897e-02 6.186211109161376953e-01 3.546786308288574219e-01
2.670026198029518127e-02 6.186209917068481445e-01 3.546787500381469727e-01
1.077850349247455597e-02 2.052735239267349243e-01 7.839479446411132812e-01
1.077851094305515289e-02 2.052736729383468628e-01 7.839478254318237305e-01
3.708473965525627136e-02 4.400086402893066406e-01 5.229066610336303711e-01
3.708472847938537598e-02 4.400084614753723145e-01 5.229067802429199219e-01
1.381580438464879990e-02 2.707453072071075439e-01 7.154389023780822754e-01
1.381580438464879990e-02 2.707453072071075439e-01 7.154389023780822754e-01
1.007152535021305084e-02 2.325179129838943481e-01 7.574105858802795410e-01
1.007152907550334930e-02 2.325180023908615112e-01 7.574104666709899902e-01
2.079839631915092468e-02 4.436793327331542969e-01 5.355222821235656738e-01
2.079840004444122314e-02 4.436793923377990723e-01 5.355222225189208984e-01
5.510288290679454803e-03 1.540386229753494263e-01 8.404511213302612305e-01
5.510285962373018265e-03 1.540385931730270386e-01 8.404511213302612305e-01
1.619852334260940552e-02 2.714642882347106934e-01 7.123371958732604980e-01
1.619853079319000244e-02 2.714643180370330811e-01 7.123371362686157227e-01
6.332006305456161499e-03 1.708911657333374023e-01 8.227768540382385254e-01
6.332006305456161499e-03 1.708911955356597900e-01 8.227767944335937500e-01
5.973609164357185364e-03 1.729655563831329346e-01 8.210608363151550293e-01
5.973611492663621902e-03 1.729656308889389038e-01 8.210607767105102539e-01
6.270685233175754547e-03 2.100737094879150391e-01 7.836555838584899902e-01
6.270690355449914932e-03 2.100738734006881714e-01 7.836554646492004395e-01
1.269684173166751862e-02 3.035881221294403076e-01 6.837150454521179199e-01
1.269685104489326477e-02 3.035882413387298584e-01 6.837149262428283691e-01
3.801291808485984802e-02 5.877539515495300293e-01 3.742331564426422119e-01
3.801292181015014648e-02 5.877539515495300293e-01 3.742330968379974365e-01
1.407019048929214478e-02 3.676164150238037109e-01 6.183133721351623535e-01
1.407019142061471939e-02 3.676163554191589355e-01 6.183134317398071289e-01
1.418586727231740952e-02 4.026455283164978027e-01 5.831686258316040039e-01
1.418586727231740952e-02 4.026455283164978027e-01 5.831686258316040039e-01
1.611633412539958954e-02 4.918010830879211426e-01 4.920825660228729248e-01
1.611633785068988800e-02 4.918012022972106934e-01 4.920824468135833740e-01
1.768153160810470581e-02 4.301056265830993652e-01 5.522128343582153320e-01
1.768152229487895966e-02 4.301054775714874268e-01 5.522130131721496582e-01
3.264722973108291626e-02 5.535284876823425293e-01 4.138242602348327637e-01
3.264722973108291626e-02 5.535284876823425293e-01 4.138242602348327637e-01
1.822113618254661560e-02 4.939729869365692139e-01 4.878058731555938721e-01
1.822113990783691406e-02 4.939730763435363770e-01 4.878057837486267090e-01
1.398363895714282990e-02 4.472314417362213135e-01 5.387849211692810059e-01
1.398364733904600143e-02 4.472317397594451904e-01 5.387846231460571289e-01
1.701100729405879974e-02 5.364061594009399414e-01 4.465828537940979004e-01
1.701100915670394897e-02 5.364062190055847168e-01 4.465827345848083496e-01
1.077850349247455597e-02 2.052735239267349243e-01 7.839479446411132812e-01
1.077851094305515289e-02 2.052736729383468628e-01 7.839478254318237305e-01
3.708473965525627136e-02 4.400086402893066406e-01 5.229066610336303711e-01
3.708472847938537598e-02 4.400084614753723145e-01 5.229067802429199219e-01
1.381580438464879990e-02 2.707453072071075439e-01 7.154389023780822754e-01
1.381580438464879990e-02 2.707453072071075439e-01 7.154389023780822754e-01
1.007152535021305084e-02 2.325179129838943481e-01 7.574105858802795410e-01
1.007152907550334930e-02 2.325180023908615112e-01 7.574104666709899902e-01
2.079839631915092468e-02 4.436793327331542969e-01 5.355222821235656738e-01
2.079840004444122314e-02 4.436793923377990723e-01 5.355222225189208984e-01
2.220426686108112335e-03 8.337197452783584595e-02 9.144076108932495117e-01
2.220427850261330605e-03 8.337201178073883057e-02 9.144075512886047363e-01
1.204203814268112183e-02 2.484019845724105835e-01 7.395559549331665039e-01
1.204204186797142029e-02 2.484021186828613281e-01 7.395558357238769531e-01
3.022019984200596809e-03 1.087141036987304688e-01 8.882638812065124512e-01
3.022022545337677002e-03 1.087141707539558411e-01 8.882638216018676758e-01
3.829240566119551659e-03 1.395989656448364258e-01 8.565717935562133789e-01
3.829237306490540504e-03 1.395988613367080688e-01 8.565719127655029297e-01
2.512057079002261162e-03 1.216849237680435181e-01 8.758029937744140625e-01
2.512056380510330200e-03 1.216848418116569519e-01 8.758031129837036133e-01
5.322457291185855865e-03 1.923884600400924683e-01 8.022890686988830566e-01
5.322458688169717789e-03 1.923885792493820190e-01 8.022889494895935059e-01
1.562195830047130585e-02 3.545917868614196777e-01 6.297862529754638672e-01
1.562196854501962662e-02 3.545919954776763916e-01 6.297860145568847656e-01
5.478455219417810440e-03 2.045352905988693237e-01 7.899862527847290039e-01
5.478459410369396210e-03 2.045354545116424561e-01 7.899860739707946777e-01
6.464988924562931061e-03 2.469898015260696411e-01 7.465451955795288086e-01
6.464990787208080292e-03 2.469898909330368042e-01 7.465451359748840332e-01
4.864461254328489304e-03 2.298595756292343140e-01 7.652759552001953125e-01
4.864463116973638535e-03 2.298596650362014771e-01 7.652758955955505371e-01
1.272896490991115570e-02 3.589697778224945068e-01 6.283012628555297852e-01
1.272896863520145416e-02 3.589698970317840576e-01 6.283011436462402344e-01
2.278011105954647064e-02 4.269880950450897217e-01 5.502317547798156738e-01
2.278011851012706757e-02 4.269882738590240479e-01 5.502315759658813477e-01
1.334498822689056396e-02 3.820882737636566162e-01 6.045667529106140137e-01
1.334498822689056396e-02 3.820882737636566162e-01 6.045667529106140137e-01
1.217331457883119583e-02 3.792390227317810059e-01 6.085876822471618652e-01
1.217331457883119583e-02 3.792390227317810059e-01 6.085876822471618652e-01
9.473692625761032104e-03 3.498610854148864746e-01 6.406652331352233887e-01
9.473699145019054413e-03 3.498612046241760254e-01 6.406650543212890625e-01
5.510288290679454803e-03 1.540386229753494263e-01 8.404511213302612305e-01
5.510285962373018265e-03 1.540385931730270386e-01 8.404511213302612305e-01
1.619852334260940552e-02 2.714642882347106934e-01 7.123371958732604980e-01
1.619853079319000244e-02 2.714643180370330811e-01 7.123371362686157227e-01
6.332006305456161499e-03 1.708911657333374023e-01 8.227768540382385254e-01
6.332006305456161499e-03 1.708911955356597900e-01 8.227767944335937500e-01
5.973609164357185364e-03 1.729655563831329346e-01 8.210608363151550293e-01
5.973611492663621902e-03 1.729656308889389038e-01 8.210607767105102539e-01
6.270685233175754547e-03 2.100737094879150391e-01 7.836555838584899902e-01
6.270690355449914932e-03 2.100738734006881714e-01 7.836554646492004395e-01
2.220426686108112335e-03 8.337197452783584595e-02 9.144076108932495117e-01
2.220427850261330605e-03 8.337201178073883057e-02 9.144075512886047363e-01
1.204203814268112183e-02 2.484019845724105835e-01 7.395559549331665039e-01
1.204204186797142029e-02 2.484021186828613281e-01 7.395558357238769531e-01
3.022019984200596809e-03 1.087141036987304688e-01 8.882638812065124512e-01
3.022022545337677002e-03 1.087141707539558411e-01 8.882638216018676758e-01
3.829240566119551659e-03 1.395989656448364258e-01 8.565717935562133789e-01
3.829237306490540504e-03 1.395988613367080688e-01 8.565719127655029297e-01
2.512057079002261162e-03 1.216849237680435181e-01 8.758029937744140625e-01
2.512056380510330200e-03 1.216848418116569519e-01 8.758031129837036133e-01
