6.929263327037915587e-05 2.936944947578012943e-04 9.996370077133178711e-01
1.812472764868289232e-04 5.402155220508575439e-03 9.944165945053100586e-01
9.364462698613351677e-07 1.541045494377613068e-04 9.998449683189392090e-01
1.505250384070677683e-05 2.902288688346743584e-03 9.970826506614685059e-01
7.512105071327823680e-07 1.091498706955462694e-04 9.998900890350341797e-01
4.188984166830778122e-05 4.031477496027946472e-03 9.959266185760498047e-01
1.454788076671320596e-07 2.261223380628507584e-05 9.999772310256958008e-01
1.344026259175734594e-05 1.964545110240578651e-03 9.980220198631286621e-01
3.823443250894342782e-07 4.448141044122166932e-05 9.999551177024841309e-01
3.223074600100517273e-05 2.337151207029819489e-03 9.976305961608886719e-01
7.471819990314543247e-04 1.755628385581076145e-03 9.974972009658813477e-01
7.001070771366357803e-04 5.331063177436590195e-03 9.939688444137573242e-01
1.528573375253472477e-05 1.975920749828219414e-03 9.980087876319885254e-01
1.075849577318876982e-04 2.635961398482322693e-03 9.972564578056335449e-01
2.007391458391794004e-06 3.662087838165462017e-04 9.996317625045776367e-01
8.975918171927332878e-05 2.816506195813417435e-03 9.970937371253967285e-01
4.687587988883024082e-07 4.192428314127027988e-04 9.995802640914916992e-01
1.919831265695393085e-05 1.445446396246552467e-03 9.985353350639343262e-01
8.116958269965834916e-07 3.307983570266515017e-04 9.996684193611145020e-01
4.764725235872901976e-05 2.153544919565320015e-03 9.977988004684448242e-01
1.242859405465424061e-03 1.176089630462229252e-03 9.975810647010803223e-01
4.570959717966616154e-04 2.992711262777447701e-03 9.965502023696899414e-01
5.841183883603662252e-05 1.262868987396359444e-03 9.986787438392639160e-01
3.545241634128615260e-05 1.370146987028419971e-03 9.985944032669067383e-01
1.875705856946296990e-05 9.380072588101029396e-04 9.990432262420654297e-01
7.112445018719881773e-05 1.966353273019194603e-03 9.979625344276428223e-01
2.330955567231285386e-06 1.461080537410452962e-04 9.998515844345092773e-01
2.990641041833441705e-05 9.710884769447147846e-04 9.989989995956420898e-01
1.699479253147728741e-05 3.820985148195177317e-04 9.996008872985839844e-01
6.620039494009688497e-05 1.243675360456109047e-03 9.986901283264160156e-01
1.661135465838015079e-04 1.266747899353504181e-02 9.871664047241210938e-01
4.130106826778501272e-04 1.540194032713770866e-03 9.980468153953552246e-01
3.083516276092268527e-05 5.875670816749334335e-03 9.940934777259826660e-01
3.574683432816527784e-05 8.315903833135962486e-04 9.991326332092285156e-01
5.858227268618065864e-06 2.258276799693703651e-03 9.977358579635620117e-01
7.710210775258019567e-05 1.054371125064790249e-03 9.988685250282287598e-01
9.912954510582494549e-07 5.806972039863467216e-04 9.994183182716369629e-01
2.916141056630294770e-05 5.496941739693284035e-04 9.994211196899414062e-01
4.039205123262945563e-06 7.436871528625488281e-04 9.992522597312927246e-01
5.618609793600626290e-05 8.586935582570731640e-04 9.990851283073425293e-01
2.857343526557087898e-03 4.693335387855768204e-03 9.924493432044982910e-01
9.075538837350904942e-04 6.121246609836816788e-03 9.929711818695068359e-01
4.315118712838739157e-05 4.552810452878475189e-03 9.954040646553039551e-01
1.826217703637667000e-05 2.031605457887053490e-03 9.979501366615295410e-01
3.136612212983891368e-05 7.125741336494684219e-03 9.928429126739501953e-01
6.950729584787040949e-05 1.968596130609512329e-03 9.979618787765502930e-01
1.185670225822832435e-05 8.158487034961581230e-04 9.991722702980041504e-01
2.471029256412293762e-05 1.662847469560801983e-03 9.983124136924743652e-01
3.108946884822216816e-06 7.059157942421734333e-04 9.992910027503967285e-01
6.618267798330634832e-05 2.786123892292380333e-03 9.971476793289184570e-01
4.847458600997924805e-01 5.570406839251518250e-02 4.595500826835632324e-01
1.032427651807665825e-03 1.387360785156488419e-02 9.850939512252807617e-01
3.139064880087971687e-03 1.070447638630867004e-01 8.898161649703979492e-01
6.194632442202419043e-05 5.866548977792263031e-03 9.940714836120605469e-01
8.011149475350975990e-04 2.567559108138084412e-02 9.735233187675476074e-01
8.726141095394268632e-05 5.193311255425214767e-03 9.947194457054138184e-01
1.047321347869001329e-04 3.925116732716560364e-03 9.959701299667358398e-01
2.534302984713576734e-05 2.731746993958950043e-03 9.972429275512695312e-01
8.344513480551540852e-05 6.755702197551727295e-03 9.931608438491821289e-01
5.220535967964679003e-05 3.558100899681448936e-03 9.963896870613098145e-01
3.180648782290518284e-04 4.581429529935121536e-03 9.951004981994628906e-01
6.985343992710113525e-03 6.634345743805170059e-03 9.863803386688232422e-01
2.875464815588202327e-05 6.822032853960990906e-03 9.931492209434509277e-01
2.132743975380435586e-04 2.592808101326227188e-03 9.971939325332641602e-01
2.042045889538712800e-05 1.088998187333345413e-02 9.890896081924438477e-01
4.372277471702545881e-04 2.883110661059617996e-03 9.966796636581420898e-01
2.755326750047970563e-05 1.350320177152752876e-03 9.986221194267272949e-01
4.167091974522918463e-04 1.816091826185584068e-03 9.977672100067138672e-01
2.613236210891045630e-05 1.400889828801155090e-03 9.985730051994323730e-01
7.038022158667445183e-04 2.404110739007592201e-03 9.968920946121215820e-01
3.303947451058775187e-04 2.879983782768249512e-01 7.116712331771850586e-01
1.732749049551784992e-03 6.801740732043981552e-03 9.914655089378356934e-01
2.291655073349829763e-05 1.168792098760604858e-01 8.830978870391845703e-01
5.064809738541953266e-05 2.589511685073375702e-03 9.973598122596740723e-01
9.802329259400721639e-06 7.822962105274200439e-02 9.217605590820312500e-01
1.356753782602027059e-04 2.625771565362811089e-03 9.972385764122009277e-01
1.198339418806426693e-06 2.907859394326806068e-03 9.970909357070922852e-01
8.911993063520640135e-05 1.991905272006988525e-03 9.979189634323120117e-01
2.454637069604359567e-06 3.658396424725651741e-03 9.963391423225402832e-01
1.080485089914873242e-04 2.657099859789013863e-03 9.972348809242248535e-01
7.686862227274104953e-05 6.221951334737241268e-04 9.993009567260742188e-01
4.665253218263387680e-04 5.723936017602682114e-03 9.938095211982727051e-01
9.960116358342929743e-07 4.292219236958771944e-04 9.995697736740112305e-01
5.686653821612708271e-05 1.838483731262385845e-03 9.981046319007873535e-01
8.686903356647235341e-07 6.611150456592440605e-04 9.993380308151245117e-01
6.038672654540278018e-05 1.857082941569387913e-03 9.980825185775756836e-01
9.725842886609825655e-08 9.825592860579490662e-05 9.999016523361206055e-01
1.657856228121090680e-05 1.545792445540428162e-03 9.984376430511474609e-01
2.557976870320999296e-07 2.612330717965960503e-04 9.997385144233703613e-01
4.440081829670816660e-05 1.853112946264445782e-03 9.981024861335754395e-01
4.846360068768262863e-03 2.676395000889897346e-03 9.924772381782531738e-01
1.222707360284402966e-04 9.689630009233951569e-03 9.901881217956542969e-01
1.152439381257863715e-05 1.892495783977210522e-03 9.980959892272949219e-01
2.465009492880199105e-05 5.851369351148605347e-03 9.941239953041076660e-01
1.552863250253722072e-05 1.378199318423867226e-03 9.986062645912170410e-01
2.960554775199852884e-05 5.914450623095035553e-03 9.940559267997741699e-01
6.789740609747241251e-07 4.360740422271192074e-05 9.999557137489318848e-01
7.506178008043207228e-06 2.434193389490246773e-03 9.975582957267761230e-01
3.245544803576194681e-06 2.807494311127811670e-04 9.997159838676452637e-01
1.984398841159418225e-05 2.644398482516407967e-03 9.973357319831848145e-01
1.345043187029659748e-03 6.785959703847765923e-04 9.979763627052307129e-01
4.043435037601739168e-04 4.685800988227128983e-03 9.949098825454711914e-01
2.025021967710927129e-05 8.991338545456528664e-04 9.990805983543395996e-01
6.773909262847155333e-05 3.763751359656453133e-03 9.961684942245483398e-01
3.209696296835318208e-05 8.648021030239760876e-04 9.991031289100646973e-01
8.839287329465150833e-05 3.044222248718142509e-03 9.968673586845397949e-01
9.856432825472438708e-07 4.861842171521857381e-05 9.999504089355468750e-01
1.960560257430188358e-05 1.247294712811708450e-03 9.987331032752990723e-01
2.673949211384751834e-06 1.747165370034053922e-04 9.998226165771484375e-01
4.156390059506520629e-05 1.514351344667375088e-03 9.984440803527832031e-01
5.280383447825443000e-06 8.695779368281364441e-03 9.912989139556884766e-01
4.655911179725080729e-04 3.032208653166890144e-03 9.965022206306457520e-01
2.203639866138473735e-07 2.664018189534544945e-03 9.973357319831848145e-01
9.293709445046260953e-05 1.790999434888362885e-03 9.981160759925842285e-01
1.099030484397189866e-07 1.944313407875597477e-03 9.980555772781372070e-01
1.247559994226321578e-04 1.555767026729881763e-03 9.983195066452026367e-01
1.302738716901785665e-08 2.365932887187227607e-04 9.997633695602416992e-01
5.249808964435942471e-05 9.048009524121880531e-04 9.990426898002624512e-01
5.946853320892842021e-08 3.977081214543431997e-04 9.996022582054138184e-01
8.889467426342889667e-05 1.176876132376492023e-03 9.987342357635498047e-01
4.479080736637115479e-01 1.593888923525810242e-02 5.361530184745788574e-01
6.979266181588172913e-04 2.734324429184198380e-03 9.965677261352539062e-01
9.901947341859340668e-04 5.523758474737405777e-03 9.934860467910766602e-01
5.403596151154488325e-05 1.409547869116067886e-03 9.985364079475402832e-01
2.345347078517079353e-03 1.737256720662117004e-02 9.802820682525634766e-01
7.119459769455716014e-05 1.018262933939695358e-03 9.989105463027954102e-01
3.266908752266317606e-04 1.337278052233159542e-03 9.983360171318054199e-01
2.079874866467434913e-05 5.884170532226562500e-04 9.993907809257507324e-01
3.650235594250261784e-04 1.299524796195328236e-03 9.983354806900024414e-01
5.602678720606490970e-05 8.763888617977499962e-04 9.990676045417785645e-01
4.096738994121551514e-03 1.335471495985984802e-02 9.825485348701477051e-01
2.058198908343911171e-03 3.647940233349800110e-03 9.942938685417175293e-01
1.408450498274760321e-05 2.885095309466123581e-03 9.971008300781250000e-01
2.672530245035886765e-04 3.291953820735216141e-03 9.964407682418823242e-01
4.098280987818725407e-05 8.099648170173168182e-03 9.918593764305114746e-01
3.515436546877026558e-04 1.875373302027583122e-03 9.977731108665466309e-01
3.914024637197144330e-05 7.664702134206891060e-04 9.991943836212158203e-01
1.266983890673145652e-04 9.138724417425692081e-04 9.989594221115112305e-01
1.817350275814533234e-04 1.783786923624575138e-03 9.980344772338867188e-01
2.946602762676775455e-04 1.008268329314887524e-03 9.986970424652099609e-01
8.719916343688964844e-01 1.827706024050712585e-02 1.097313016653060913e-01
7.810837123543024063e-04 2.792292274534702301e-03 9.964266419410705566e-01
3.000203520059585571e-03 3.249933570623397827e-02 9.645004868507385254e-01
1.794551208149641752e-04 3.430256387218832970e-03 9.963902831077575684e-01
1.143955811858177185e-02 1.257844548672437668e-02 9.759820103645324707e-01
1.172367483377456665e-04 1.548247761093080044e-03 9.983345270156860352e-01
1.776397839421406388e-04 1.250017201527953148e-03 9.985723495483398438e-01
2.466406476742122322e-05 6.165025988593697548e-04 9.993588328361511230e-01
1.426244125468656421e-04 1.175180776044726372e-03 9.986822009086608887e-01
4.042964064865373075e-05 7.590153836645185947e-04 9.992005825042724609e-01
3.185922801494598389e-01 2.131489813327789307e-01 4.682587385177612305e-01
7.849651738069951534e-04 1.966259907931089401e-03 9.972487688064575195e-01
1.159710693173110485e-03 4.358676448464393616e-02 9.552535414695739746e-01
7.663458382012322545e-05 1.706835231743752956e-03 9.982165098190307617e-01
2.463000593706965446e-03 4.244226589798927307e-02 9.550947546958923340e-01
1.209326655953191221e-04 1.298631890676915646e-03 9.985804557800292969e-01
1.019862465909682214e-04 1.431952696293592453e-03 9.984660744667053223e-01
5.593466266873292625e-05 5.367897683754563332e-04 9.994072914123535156e-01
7.508269045501947403e-04 2.553417580202221870e-03 9.966957569122314453e-01
8.534164226148277521e-05 7.204084540717303753e-04 9.991942644119262695e-01
2.377169876126572490e-04 3.369690675754100084e-04 9.994252920150756836e-01
1.424984307959675789e-03 3.332414897158741951e-03 9.952425956726074219e-01
6.197415495989844203e-05 5.890228785574436188e-03 9.940478205680847168e-01
1.060678478097543120e-04 1.096329651772975922e-03 9.987975955009460449e-01
2.228426865258370526e-06 6.489854422397911549e-04 9.993487596511840820e-01
1.236796961165964603e-04 9.565082145854830742e-04 9.989197850227355957e-01
1.437009927940380294e-06 2.048106543952599168e-04 9.997937679290771484e-01
7.744148024357855320e-05 1.273726462386548519e-03 9.986488223075866699e-01
1.778746991476509720e-06 6.677022902294993401e-04 9.993305206298828125e-01
1.535743067506700754e-04 1.557533512823283672e-03 9.982888698577880859e-01
6.540583854075521231e-05 3.952887374907732010e-03 9.959816932678222656e-01
2.072692383080720901e-03 8.641720749437808990e-03 9.892855882644653320e-01
1.141253505920758471e-06 7.982761599123477936e-03 9.920160770416259766e-01
1.510945003246888518e-04 4.010258708149194717e-03 9.958386421203613281e-01
2.819574831391946645e-07 1.552947913296520710e-03 9.984467625617980957e-01
3.161630011163651943e-04 3.450297750532627106e-03 9.962335228919982910e-01
1.343214961480043712e-07 4.109017318114638329e-04 9.995889663696289062e-01
2.041700790869072080e-04 3.043522359803318977e-03 9.967523217201232910e-01
4.007920892945548985e-07 1.416634884662926197e-03 9.985829591751098633e-01
2.589682699181139469e-04 2.923758700489997864e-03 9.968172907829284668e-01
2.381100057391449809e-04 1.447075745090842247e-03 9.983147978782653809e-01
3.466308815404772758e-03 6.290283054113388062e-03 9.902434349060058594e-01
3.248014536438859068e-06 5.213219672441482544e-03 9.947835206985473633e-01
6.154115544632077217e-04 3.645429853349924088e-03 9.957391619682312012e-01
1.913771683348386432e-07 2.466035366524010897e-04 9.997531771659851074e-01
4.006630333606153727e-04 1.835722010582685471e-03 9.977636337280273438e-01
1.527435671277999063e-07 5.295537994243204594e-04 9.994702935218811035e-01
1.986190764000639319e-04 1.765394350513815880e-03 9.980359673500061035e-01
1.662120752143891877e-07 6.860359571874141693e-04 9.993137717247009277e-01
2.619199804030358791e-04 1.716613653115928173e-03 9.980214834213256836e-01
4.366185050457715988e-03 7.022533682174980640e-04 9.949315786361694336e-01
2.042208332568407059e-03 4.653336014598608017e-03 9.933044314384460449e-01
4.808733501704409719e-05 3.027703845873475075e-03 9.969242215156555176e-01
1.335249835392460227e-04 1.938785659149289131e-03 9.979276657104492188e-01
9.226172551279887557e-06 6.214146269485354424e-04 9.993693828582763672e-01
2.446449652779847383e-04 1.965510426089167595e-03 9.977898597717285156e-01
7.641003321623429656e-06 2.452672633808106184e-04 9.997470974922180176e-01
1.741093292366713285e-04 1.254025963135063648e-03 9.985718727111816406e-01
5.041550321038812399e-05 1.297830720432102680e-03 9.986517429351806641e-01
2.363276580581441522e-04 1.354155712760984898e-03 9.984095096588134766e-01
