1.962285116314888000e-02 6.913564205169677734e-01 2.890207171440124512e-01
1.962284930050373077e-02 6.913563609123229980e-01 2.890207767486572266e-01
2.020050585269927979e-02 6.864466071128845215e-01 2.933529019355773926e-01
2.020051144063472748e-02 6.864467859268188477e-01 2.933527231216430664e-01
1.356576289981603622e-02 7.156947851181030273e-01 2.707394361495971680e-01
1.356576476246118546e-02 7.156949043273925781e-01 2.707393467426300049e-01
3.059307113289833069e-02 5.615575313568115234e-01 4.078493714332580566e-01
3.059306181967258453e-02 5.615574121475219727e-01 4.078495502471923828e-01
2.036564238369464874e-02 7.555404305458068848e-01 2.240939289331436157e-01
2.036564238369464874e-02 7.555404305458068848e-01 2.240939438343048096e-01
2.547994256019592285e-02 6.849135756492614746e-01 2.896064519882202148e-01
2.547992393374443054e-02 6.849130988121032715e-01 2.896069586277008057e-01
2.190572023391723633e-02 6.077396869659423828e-01 3.703545928001403809e-01
2.190572582185268402e-02 6.077398061752319336e-01 3.703544735908508301e-01
1.631265506148338318e-02 6.892435550689697266e-01 2.944437861442565918e-01
1.631264947354793549e-02 6.892433762550354004e-01 2.944439947605133057e-01
4.461698606610298157e-02 5.349707603454589844e-01 4.204122424125671387e-01
4.461700096726417542e-02 5.349709391593933105e-01 4.204120337963104248e-01
2.592619322240352631e-02 7.553347945213317871e-01 2.187390327453613281e-01
2.592619694769382477e-02 7.553348541259765625e-01 2.187389582395553589e-01
1.727581955492496490e-02 5.902233123779296875e-01 3.925008475780487061e-01
1.727581769227981567e-02 5.902233123779296875e-01 3.925009071826934814e-01
1.553189381957054138e-02 5.268532037734985352e-01 4.576148986816406250e-01
1.553189754486083984e-02 5.268533229827880859e-01 4.576147794723510742e-01
1.093014422804117203e-02 5.770562291145324707e-01 4.120136201381683350e-01
1.093014422804117203e-02 5.770561695098876953e-01 4.120136797428131104e-01
2.707752026617527008e-02 4.087300896644592285e-01 5.641923546791076660e-01
2.707751095294952393e-02 4.087299406528472900e-01 5.641925334930419922e-01
2.157065644860267639e-02 7.261945009231567383e-01 2.522348463535308838e-01
2.157066203653812408e-02 7.261946797370910645e-01 2.522346377372741699e-01
8.337592706084251404e-03 3.731504976749420166e-01 6.185119152069091797e-01
8.337592706084251404e-03 3.731504678726196289e-01 6.185119748115539551e-01
7.846593856811523438e-03 3.424805104732513428e-01 6.496728658676147461e-01
7.846599444746971130e-03 3.424805998802185059e-01 6.496728062629699707e-01
8.251353166997432709e-03 4.813253879547119141e-01 5.104232430458068848e-01
8.251351304352283478e-03 4.813252985477447510e-01 5.104233622550964355e-01
1.386326551437377930e-02 2.836395502090454102e-01 7.024971842765808105e-01
1.386327110230922699e-02 2.836396098136901855e-01 7.024971246719360352e-01
1.302221324294805527e-02 5.284022688865661621e-01 4.585754871368408203e-01
1.302221696823835373e-02 5.284024477005004883e-01 4.585753381252288818e-01
1.962285116314888000e-02 6.913564205169677734e-01 2.890207171440124512e-01
1.962284930050373077e-02 6.913563609123229980e-01 2.890207767486572266e-01
2.020050585269927979e-02 6.864466071128845215e-01 2.933529019355773926e-01
2.020051144063472748e-02 6.864467859268188477e-01 2.933527231216430664e-01
1.356576289981603622e-02 7.156947851181030273e-01 2.707394361495971680e-01
1.356576476246118546e-02 7.156949043273925781e-01 2.707393467426300049e-01
3.059307113289833069e-02 5.615575313568115234e-01 4.078493714332580566e-01
3.059306181967258453e-02 5.615574121475219727e-01 4.078495502471923828e-01
2.036564238369464874e-02 7.555404305458068848e-01 2.240939289331436157e-01
2.036564238369464874e-02 7.555404305458068848e-01 2.240939438343048096e-01
2.471997961401939392e-02 6.514444351196289062e-01 3.238356113433837891e-01
2.471998147666454315e-02 6.514444351196289062e-01 3.238355517387390137e-01
2.452555857598781586e-02 6.437191367149353027e-01 3.317553400993347168e-01
2.452555298805236816e-02 6.437189579010009766e-01 3.317555189132690430e-01
1.623444072902202606e-02 6.988500356674194336e-01 2.849155068397521973e-01
1.623443886637687683e-02 6.988499760627746582e-01 2.849155962467193604e-01
3.751474991440773010e-02 4.956827759742736816e-01 4.668024778366088867e-01
3.751476109027862549e-02 4.956829547882080078e-01 4.668022990226745605e-01
2.569137141108512878e-02 7.400383353233337402e-01 2.342702746391296387e-01
2.569137141108512878e-02 7.400383353233337402e-01 2.342703044414520264e-01
1.685782149434089661e-02 5.900030136108398438e-01 3.931391835212707520e-01
1.685781963169574738e-02 5.900029540061950684e-01 3.931392431259155273e-01
1.818173751235008240e-02 6.040752530097961426e-01 3.777429759502410889e-01
1.818174496293067932e-02 6.040754914283752441e-01 3.777427673339843750e-01
1.112380530685186386e-02 6.212412714958190918e-01 3.676349222660064697e-01
1.112380437552928925e-02 6.212412118911743164e-01 3.676349818706512451e-01
2.312060259282588959e-02 4.066495299339294434e-01 5.702298283576965332e-01
2.312060259282588959e-02 4.066495299339294434e-01 5.702298283576965332e-01
2.128220722079277039e-02 7.381689548492431641e-01 2.405488342046737671e-01
2.128221094608306885e-02 7.381690740585327148e-01 2.405486851930618286e-01
1.314133778214454651e-02 4.698999524116516113e-01 5.169587135314941406e-01
1.314132846891880035e-02 4.698995947837829590e-01 5.169590711593627930e-01
1.400408521294593811e-02 4.867198467254638672e-01 4.992760717868804932e-01
1.400408055633306503e-02 4.867196679115295410e-01 4.992762506008148193e-01
1.194521971046924591e-02 5.973827838897705078e-01 3.906719982624053955e-01
1.194521971046924591e-02 5.973827838897705078e-01 3.906719982624053955e-01
2.078678831458091736e-02 3.714398443698883057e-01 6.077733635902404785e-01
2.078679576516151428e-02 3.714399337768554688e-01 6.077733039855957031e-01
1.895838230848312378e-02 6.276921033859252930e-01 3.533495068550109863e-01
1.895838044583797455e-02 6.276919841766357422e-01 3.533495962619781494e-01
2.547994256019592285e-02 6.849135756492614746e-01 2.896064519882202148e-01
2.547992393374443054e-02 6.849130988121032715e-01 2.896069586277008057e-01
2.190572023391723633e-02 6.077396869659423828e-01 3.703545928001403809e-01
2.190572582185268402e-02 6.077398061752319336e-01 3.703544735908508301e-01
1.631265506148338318e-02 6.892435550689697266e-01 2.944437861442565918e-01
1.631264947354793549e-02 6.892433762550354004e-01 2.944439947605133057e-01
4.461698606610298157e-02 5.349707603454589844e-01 4.204122424125671387e-01
4.461700096726417542e-02 5.349709391593933105e-01 4.204120337963104248e-01
2.592619322240352631e-02 7.553347945213317871e-01 2.187390327453613281e-01
2.592619694769382477e-02 7.553348541259765625e-01 2.187389582395553589e-01
2.471997961401939392e-02 6.514444351196289062e-01 3.238356113433837891e-01
2.471998147666454315e-02 6.514444351196289062e-01 3.238355517387390137e-01
2.452555857598781586e-02 6.437191367149353027e-01 3.317553400993347168e-01
2.452555298805236816e-02 6.437189579010009766e-01 3.317555189132690430e-01
1.623444072902202606e-02 6.988500356674194336e-01 2.849155068397521973e-01
1.623443886637687683e-02 6.988499760627746582e-01 2.849155962467193604e-01
3.751474991440773010e-02 4.956827759742736816e-01 4.668024778366088867e-01
3.751476109027862549e-02 4.956829547882080078e-01 4.668022990226745605e-01
2.569137141108512878e-02 7.400383353233337402e-01 2.342702746391296387e-01
2.569137141108512878e-02 7.400383353233337402e-01 2.342703044414520264e-01
2.026425302028656006e-02 5.251766443252563477e-01 4.545590877532958984e-01
2.026425302028656006e-02 5.251766443252563477e-01 4.545590877532958984e-01
1.660603471100330353e-02 4.446289241313934326e-01 5.387650132179260254e-01
1.660603657364845276e-02 4.446289837360382080e-01 5.387649536132812500e-01
1.214724406599998474e-02 5.347925424575805664e-01 4.530601799488067627e-01
1.214724220335483551e-02 5.347925424575805664e-01 4.530602395534515381e-01
2.947932481765747070e-02 3.164018392562866211e-01 6.541188359260559082e-01
2.947932481765747070e-02 3.164018392562866211e-01 6.541188359260559082e-01
2.707970328629016876e-02 7.107272148132324219e-01 2.621930837631225586e-01
2.707969769835472107e-02 7.107270956039428711e-01 2.621932029724121094e-01
1.046397536993026733e-02 3.451125919818878174e-01 6.444234251976013184e-01
1.046397536993026733e-02 3.451125919818878174e-01 6.444234251976013184e-01
9.051041677594184875e-03 3.028388917446136475e-01 6.881100535392761230e-01
9.051046334207057953e-03 3.028391599655151367e-01 6.881098151206970215e-01
1.046247314661741257e-02 4.818513095378875732e-01 5.076861977577209473e-01
1.046248339116573334e-02 4.818518459796905518e-01 5.076856613159179688e-01
1.775443367660045624e-02 2.502478063106536865e-01 7.319977283477783203e-01
1.775444485247135162e-02 2.502479851245880127e-01 7.319975495338439941e-01
1.768603734672069550e-02 5.344784259796142578e-01 4.478355348110198975e-01
1.768603734672069550e-02 5.344784855842590332e-01 4.478354752063751221e-01
1.727581955492496490e-02 5.902233123779296875e-01 3.925008475780487061e-01
1.727581769227981567e-02 5.902233123779296875e-01 3.925009071826934814e-01
1.553189381957054138e-02 5.268532037734985352e-01 4.576148986816406250e-01
1.553189754486083984e-02 5.268533229827880859e-01 4.576147794723510742e-01
1.093014422804117203e-02 5.770562291145324707e-01 4.120136201381683350e-01
1.093014422804117203e-02 5.770561695098876953e-01 4.120136797428131104e-01
2.707752026617527008e-02 4.087300896644592285e-01 5.641923546791076660e-01
2.707751095294952393e-02 4.087299406528472900e-01 5.641925334930419922e-01
2.157065644860267639e-02 7.261945009231567383e-01 2.522348463535308838e-01
2.157066203653812408e-02 7.261946797370910645e-01 2.522346377372741699e-01
1.685782149434089661e-02 5.900030136108398438e-01 3.931391835212707520e-01
1.685781963169574738e-02 5.900029540061950684e-01 3.931392431259155273e-01
1.818173751235008240e-02 6.040752530097961426e-01 3.777429759502410889e-01
1.818174496293067932e-02 6.040754914283752441e-01 3.777427673339843750e-01
1.112380530685186386e-02 6.212412714958190918e-01 3.676349222660064697e-01
1.112380437552928925e-02 6.212412118911743164e-01 3.676349818706512451e-01
2.312060259282588959e-02 4.066495299339294434e-01 5.702298283576965332e-01
2.312060259282588959e-02 4.066495299339294434e-01 5.702298283576965332e-01
2.128220722079277039e-02 7.381689548492431641e-01 2.405488342046737671e-01
2.128221094608306885e-02 7.381690740585327148e-01 2.405486851930618286e-01
2.026425302028656006e-02 5.251766443252563477e-01 4.545590877532958984e-01
2.026425302028656006e-02 5.251766443252563477e-01 4.545590877532958984e-01
1.660603471100330353e-02 4.446289241313934326e-01 5.387650132179260254e-01
1.660603657364845276e-02 4.446289837360382080e-01 5.387649536132812500e-01
1.214724406599998474e-02 5.347925424575805664e-01 4.530601799488067627e-01
1.214724220335483551e-02 5.347925424575805664e-01 4.530602395534515381e-01
2.947932481765747070e-02 3.164018392562866211e-01 6.541188359260559082e-01
2.947932481765747070e-02 3.164018392562866211e-01 6.541188359260559082e-01
2.707970328629016876e-02 7.107272148132324219e-01 2.621930837631225586e-01
2.707969769835472107e-02 7.107270956039428711e-01 2.621932029724121094e-01
5.304286722093820572e-03 2.425861954689025879e-01 7.521095275878906250e-01
5.304282065480947495e-03 2.425860762596130371e-01 7.521096467971801758e-01
5.158264189958572388e-03 2.272967845201492310e-01 7.675449252128601074e-01
5.158266518265008926e-03 2.272968739271163940e-01 7.675448656082153320e-01
5.837153643369674683e-03 3.573994338512420654e-01 6.367633938789367676e-01
5.837153177708387375e-03 3.573994636535644531e-01 6.367633938789367676e-01
8.078643120825290680e-03 1.563476771116256714e-01 8.355736732482910156e-01
8.078636601567268372e-03 1.563475877046585083e-01 8.355737924575805664e-01
1.303716748952865601e-02 4.871220290660858154e-01 4.998407959938049316e-01
1.303715910762548447e-02 4.871218800544738770e-01 4.998409748077392578e-01
8.337592706084251404e-03 3.731504976749420166e-01 6.185119152069091797e-01
8.337592706084251404e-03 3.731504678726196289e-01 6.185119748115539551e-01
7.846593856811523438e-03 3.424805104732513428e-01 6.496728658676147461e-01
7.846599444746971130e-03 3.424805998802185059e-01 6.496728062629699707e-01
8.251353166997432709e-03 4.813253879547119141e-01 5.104232430458068848e-01
8.251351304352283478e-03 4.813252985477447510e-01 5.104233622550964355e-01
1.386326551437377930e-02 2.836395502090454102e-01 7.024971842765808105e-01
1.386327110230922699e-02 2.836396098136901855e-01 7.024971246719360352e-01
1.302221324294805527e-02 5.284022688865661621e-01 4.585754871368408203e-01
1.302221696823835373e-02 5.284024477005004883e-01 4.585753381252288818e-01
1.314133778214454651e-02 4.698999524116516113e-01 5.169587135314941406e-01
1.314132846891880035e-02 4.698995947837829590e-01 5.169590711593627930e-01
1.400408521294593811e-02 4.867198467254638672e-01 4.992760717868804932e-01
1.400408055633306503e-02 4.867196679115295410e-01 4.992762506008148193e-01
1.194521971046924591e-02 5.973827838897705078e-01 3.906719982624053955e-01
1.194521971046924591e-02 5.973827838897705078e-01 3.906719982624053955e-01
2.078678831458091736e-02 3.714398443698883057e-01 6.077733635902404785e-01
2.078679576516151428e-02 3.714399337768554688e-01 6.077733039855957031e-01
1.895838230848312378e-02 6.276921033859252930e-01 3.533495068550109863e-01
1.895838044583797455e-02 6.276919841766357422e-01 3.533495962619781494e-01
1.046397536993026733e-02 3.451125919818878174e-01 6.444234251976013184e-01
1.046397536993026733e-02 3.451125919818878174e-01 6.444234251976013184e-01
9.051041677594184875e-03 3.028388917446136475e-01 6.881100535392761230e-01
9.051046334207057953e-03 3.028391599655151367e-01 6.881098151206970215e-01
1.046247314661741257e-02 4.818513095378875732e-01 5.076861977577209473e-01
1.046248339116573334e-02 4.818518459796905518e-01 5.076856613159179688e-01
1.775443367660045624e-02 2.502478063106536865e-01 7.319977283477783203e-01
1.775444485247135162e-02 2.502479851245880127e-01 7.319975495338439941e-01
1.768603734672069550e-02 5.344784259796142578e-01 4.478355348110198975e-01
1.768603734672069550e-02 5.344784855842590332e-01 4.478354752063751221e-01
5.304286722093820572e-03 2.425861954689025879e-01 7.521095275878906250e-01
5.304282065480947495e-03 2.425860762596130371e-01 7.521096467971801758e-01
5.158264189958572388e-03 2.272967845201492310e-01 7.675449252128601074e-01
5.158266518265008926e-03 2.272968739271163940e-01 7.675448656082153320e-01
5.837153643369674683e-03 3.573994338512420654e-01 6.367633938789367676e-01
5.837153177708387375e-03 3.573994636535644531e-01 6.367633938789367676e-01
8.078643120825290680e-03 1.563476771116256714e-01 8.355736732482910156e-01
8.078636601567268372e-03 1.563475877046585083e-01 8.355737924575805664e-01
1.303716748952865601e-02 4.871220290660858154e-01 4.998407959938049316e-01
1.303715910762548447e-02 4.871218800544738770e-01 4.998409748077392578e-01
