9.296073828134000516e-21 1.695228972389134503e-13 1.000000000000000000e+00
5.003772237285251991e-21 8.213962414968870029e-14 1.000000000000000000e+00
3.198200385079452701e-11 2.632031311650129268e-12 1.000000000000000000e+00
4.396960850496567632e-18 3.020954254980001696e-13 1.000000000000000000e+00
5.905491685400353352e-15 4.395001344196375337e-13 1.000000000000000000e+00
1.543319362303594654e-18 1.149098855348154591e-13 1.000000000000000000e+00
1.262972216249298195e-21 1.670218325623695765e-12 1.000000000000000000e+00
3.244436420618997236e-21 4.010152670000377562e-13 1.000000000000000000e+00
1.459939280579192200e-08 4.455255608881714124e-13 1.000000000000000000e+00
2.062460852060229999e-15 1.020718611629417572e-13 1.000000000000000000e+00
5.693513900041580200e-03 2.971118837069575136e-11 9.943065047264099121e-01
1.305989344147302761e-21 8.217410177877373934e-14 1.000000000000000000e+00
1.000000000000000000e+00 2.270470822498416995e-17 3.311458884880380538e-09
2.311394301174528582e-18 1.585283147158625394e-13 1.000000000000000000e+00
1.000000000000000000e+00 3.152753575248297077e-17 1.214424936481217632e-12
3.279967842662177498e-19 1.014679876579216433e-13 1.000000000000000000e+00
5.156309678278764297e-14 2.612828176040693506e-09 1.000000000000000000e+00
9.341107713646082428e-22 1.617830083225010873e-13 1.000000000000000000e+00
1.000000000000000000e+00 1.042972761059840110e-17 2.103873672498757230e-11
4.709357189355794276e-18 9.504929395637295997e-14 1.000000000000000000e+00
2.814622509332022869e-15 5.310542587275146609e-13 1.000000000000000000e+00
1.273295515112284510e-21 8.396410601302015109e-14 1.000000000000000000e+00
9.993910789489746094e-01 4.713418240778755042e-13 6.089459056966006756e-04
1.577003811207979047e-18 2.295027503543961567e-13 1.000000000000000000e+00
9.999385476112365723e-01 1.911678870758493076e-10 6.146387022454291582e-05
2.200781486616041485e-19 1.078840453929384713e-13 1.000000000000000000e+00
1.146526343892496070e-17 6.540853414449543379e-10 1.000000000000000000e+00
1.410087277738973677e-21 1.797193985427977814e-13 1.000000000000000000e+00
9.999997615814208984e-01 1.173914616773089059e-13 2.615335574773780536e-07
3.785720699934183150e-18 1.040546772010375598e-13 1.000000000000000000e+00
5.378844038232924470e-20 1.936447963785115078e-13 1.000000000000000000e+00
3.489198931632787628e-22 1.270050416831564055e-13 1.000000000000000000e+00
1.723677996778860688e-04 3.865970876759661223e-10 9.998276233673095703e-01
2.068139135945496214e-17 1.230975716325077851e-12 1.000000000000000000e+00
6.634517154407992834e-12 4.752948035147142036e-12 1.000000000000000000e+00
2.558059404741476581e-19 1.663531373199619856e-13 1.000000000000000000e+00
2.705470589620303944e-18 1.276293376539783253e-10 1.000000000000000000e+00
1.080656641312174176e-21 1.703845127053876807e-13 1.000000000000000000e+00
6.909012029154837364e-08 1.222672241230071677e-10 9.999999403953552246e-01
3.062403780225457565e-18 1.084729162503968170e-13 1.000000000000000000e+00
5.530005473893429436e-17 1.038361969107545746e-13 1.000000000000000000e+00
3.625538279374888923e-21 6.867422619070626122e-14 1.000000000000000000e+00
3.410515958535143000e-08 2.316353272385773820e-12 9.999999403953552246e-01
2.228144817734691122e-17 1.940751975359339410e-13 1.000000000000000000e+00
8.212415219293459404e-17 2.967024954718400220e-13 1.000000000000000000e+00
4.652115050196205931e-17 1.051905145019876864e-13 1.000000000000000000e+00
2.328872989409292049e-19 8.171186817451658868e-12 1.000000000000000000e+00
4.096239186937723835e-21 1.898913968775839400e-13 1.000000000000000000e+00
9.533735779998497861e-12 5.290161754836764096e-13 1.000000000000000000e+00
5.842746978678662207e-16 9.088179021192813178e-14 1.000000000000000000e+00
8.289216160774230957e-01 9.939838462405016506e-15 1.710783690214157104e-01
1.247134918498336327e-21 6.269028400779710908e-14 1.000000000000000000e+00
9.999999403953552246e-01 7.338589747241959302e-19 4.704443057335083722e-08
2.638889788140145055e-18 8.034253194373966456e-14 1.000000000000000000e+00
9.999983906745910645e-01 8.536546107758485809e-18 1.590060378475754987e-06
3.529460559755561453e-18 7.659862598808492296e-14 1.000000000000000000e+00
3.214856766214913009e-13 1.471682914422345334e-10 1.000000000000000000e+00
1.079626502565925886e-21 8.728837829407795623e-14 1.000000000000000000e+00
9.999999403953552246e-01 5.667235647414650535e-18 3.691313565923337592e-08
1.631676888685197136e-16 7.463622005588615993e-14 1.000000000000000000e+00
9.971919059753417969e-01 1.747263798760907011e-16 2.808069344609975815e-03
7.876330085121554708e-22 5.773360983079081632e-14 1.000000000000000000e+00
1.000000000000000000e+00 5.694907940831846385e-19 5.420564885838530245e-09
6.336428381885229844e-19 7.960395309505180483e-14 1.000000000000000000e+00
1.000000000000000000e+00 1.857121934053555587e-19 1.250300751820532241e-09
1.220475008524787287e-18 7.722929283929258482e-14 1.000000000000000000e+00
4.271712678018957376e-04 1.169471602890936879e-10 9.995728135108947754e-01
1.083442822298767888e-21 8.221156774009669155e-14 1.000000000000000000e+00
1.000000000000000000e+00 9.966694677007455555e-20 1.424890871959405558e-08
8.564876878302304496e-17 7.279555647513036298e-14 1.000000000000000000e+00
4.110515909854645100e-13 4.494120326532444198e-14 1.000000000000000000e+00
3.325088852749422405e-22 6.493814681948414935e-14 1.000000000000000000e+00
5.529227666556835175e-03 1.501383544398604553e-12 9.944707751274108887e-01
1.362535834105256813e-18 9.803319451790609707e-14 1.000000000000000000e+00
9.358543451298828586e-08 5.755285299984674863e-14 9.999998807907104492e-01
1.233632660335938591e-18 7.888028880249919883e-14 1.000000000000000000e+00
1.089684762643197344e-14 2.035973126202073047e-11 1.000000000000000000e+00
1.901827774598100601e-21 8.811892459204689887e-14 1.000000000000000000e+00
1.371084339916706085e-02 5.474414866736554419e-13 9.862891435623168945e-01
4.041627303118999683e-17 6.956594859625769844e-14 1.000000000000000000e+00
4.224264062941074371e-03 1.269860050445714705e-10 9.957757592201232910e-01
6.356079656767689570e-21 8.553070361336234662e-14 1.000000000000000000e+00
1.000000000000000000e+00 1.770742063133693621e-17 4.181902379940538594e-09
7.808309686452965946e-20 2.036910950239251283e-13 1.000000000000000000e+00
1.000000000000000000e+00 2.673869395088634351e-18 4.203281472880959768e-11
1.415596833762331025e-19 1.078978283130561933e-13 1.000000000000000000e+00
7.768454149646448603e-16 9.306801163067035532e-11 1.000000000000000000e+00
3.203434434747936124e-21 3.084417487045354456e-13 1.000000000000000000e+00
9.999997019767761230e-01 1.471045759091238632e-17 2.828286085332365474e-07
4.822523458766444285e-19 9.840618717029542273e-14 1.000000000000000000e+00
6.174124322910756746e-09 3.108348268446997631e-13 1.000000000000000000e+00
4.039199267588510563e-21 6.667620421714134937e-14 1.000000000000000000e+00
9.999718070030212402e-01 4.996050793195344457e-17 2.816563392116222531e-05
2.336836606133160967e-20 9.049967670876277182e-14 1.000000000000000000e+00
9.999942183494567871e-01 8.557568075845908454e-19 5.790433533547911793e-06
4.116856582926251355e-20 8.068329668655185860e-14 1.000000000000000000e+00
2.121951949721562216e-19 6.131032096942656828e-13 1.000000000000000000e+00
1.703129944174913554e-21 1.713066944157223825e-13 1.000000000000000000e+00
9.999788403511047363e-01 3.097798631841448481e-18 2.116945870511699468e-05
4.420303473792507797e-18 7.968385879516398651e-14 1.000000000000000000e+00
2.476338435397598330e-21 2.985347632620226344e-14 1.000000000000000000e+00
3.174495916836616254e-20 7.186544653640936087e-14 1.000000000000000000e+00
2.144595307614874553e-15 4.317067740073309012e-14 1.000000000000000000e+00
8.260734313031254473e-18 1.104432842922997704e-13 1.000000000000000000e+00
2.844704566816404125e-16 4.345511106442108418e-14 1.000000000000000000e+00
7.306303543765519233e-18 9.100286171327687246e-14 1.000000000000000000e+00
1.331609829787551464e-22 3.606873304261119795e-14 1.000000000000000000e+00
2.593903499440614754e-21 1.246740476698940392e-13 1.000000000000000000e+00
4.180865180967996420e-13 4.686454403799583668e-14 1.000000000000000000e+00
1.231434180531075766e-15 8.997936808618697824e-14 1.000000000000000000e+00
3.694460050077533663e-24 2.846769993130812693e-14 1.000000000000000000e+00
1.718991657486436375e-20 7.775295571233950542e-14 1.000000000000000000e+00
2.059929070580886895e-15 1.914230899442356804e-13 1.000000000000000000e+00
1.565962418275983409e-17 1.733200578500279643e-13 1.000000000000000000e+00
7.906441741435311539e-20 3.799479787324096247e-14 1.000000000000000000e+00
4.002852302006902702e-18 9.436035801465778028e-14 1.000000000000000000e+00
5.724802085601057457e-23 1.023114156329524294e-13 1.000000000000000000e+00
3.691056800002770728e-21 1.114798967656767392e-13 1.000000000000000000e+00
4.460853728576235457e-19 4.774231072870831205e-14 1.000000000000000000e+00
1.949786299337531525e-17 8.229220527667530094e-14 1.000000000000000000e+00
4.663989565379094565e-15 9.050969202633110666e-14 1.000000000000000000e+00
4.918159851679580573e-21 8.531075287388292794e-14 1.000000000000000000e+00
9.983047842979431152e-01 2.512941460822148976e-12 1.695199403911828995e-03
8.026998792070940423e-20 1.984798501768192391e-13 1.000000000000000000e+00
5.000000447034835815e-02 4.045461535207017789e-11 9.499999880790710449e-01
3.456192209818064473e-19 1.188004095055081311e-13 1.000000000000000000e+00
2.980287803058516833e-19 1.104836361287553359e-11 1.000000000000000000e+00
2.495808077896530176e-21 1.724284641934845097e-13 1.000000000000000000e+00
7.371608633548021317e-03 2.352843180702945958e-12 9.926283955574035645e-01
4.904041591145662316e-18 1.041370765661464581e-13 1.000000000000000000e+00
6.373109063133597374e-04 4.813197637763139136e-14 9.993627071380615234e-01
3.433062075004322403e-21 6.218937582784522800e-14 1.000000000000000000e+00
9.999994039535522461e-01 3.886851884342977569e-17 6.247298642847454175e-07
1.504533451454699923e-20 8.568974929580239208e-14 1.000000000000000000e+00
9.999995827674865723e-01 7.168585002810646826e-20 4.093021459539158968e-07
1.007941031393002316e-19 8.190074052977225350e-14 1.000000000000000000e+00
4.346837560037508652e-14 2.063297042985759444e-13 1.000000000000000000e+00
1.748353661175227851e-21 1.077446169935568354e-13 1.000000000000000000e+00
9.999850988388061523e-01 5.816232589226530337e-19 1.492253431933932006e-05
7.167205017394724610e-17 8.254955421484189149e-14 1.000000000000000000e+00
2.397350684055096955e-20 2.761985383242446246e-14 1.000000000000000000e+00
6.258901525208550882e-20 7.588013876090593524e-14 1.000000000000000000e+00
1.887118732171044625e-16 5.218633346098199011e-14 1.000000000000000000e+00
3.355242260681480423e-18 9.964900134435197843e-14 1.000000000000000000e+00
1.971699373589221061e-19 3.390994421565741990e-14 1.000000000000000000e+00
3.411621071435747173e-16 9.792293793322789930e-14 1.000000000000000000e+00
4.613787678518826875e-22 4.168409730885211384e-14 1.000000000000000000e+00
3.252528492675881957e-21 1.002187292572023769e-13 1.000000000000000000e+00
1.318325470547104515e-17 3.517002092117901824e-14 1.000000000000000000e+00
4.384407875819562594e-14 9.733803796622628179e-14 1.000000000000000000e+00
9.742595473686876546e-24 2.651533642173201089e-14 1.000000000000000000e+00
3.020148538178196190e-20 8.034528988301592456e-14 1.000000000000000000e+00
1.001136893896276408e-16 9.223025311142982186e-14 1.000000000000000000e+00
2.696136269997949303e-18 1.287558249038131541e-13 1.000000000000000000e+00
2.617980190600233178e-21 3.163378033913671894e-14 1.000000000000000000e+00
8.758855860465787315e-18 9.538673833003191715e-14 1.000000000000000000e+00
7.603244930633658802e-24 4.326440329041267296e-14 1.000000000000000000e+00
5.891433161989117297e-21 1.059815687358238445e-13 1.000000000000000000e+00
9.460492938543820639e-21 3.441256001403096565e-14 1.000000000000000000e+00
1.239119072233497618e-16 8.173641613800491923e-14 1.000000000000000000e+00
6.237350046178757879e-14 1.599059773482736091e-11 1.000000000000000000e+00
1.501105983350146704e-19 8.983446446583429057e-14 1.000000000000000000e+00
9.992929697036743164e-01 2.209292332411294524e-10 7.070137071423232555e-04
6.332154443057744919e-18 3.938151345826701455e-13 1.000000000000000000e+00
9.953694535269619337e-10 2.018846374796101628e-11 1.000000000000000000e+00
2.786023381545157278e-17 1.047120899645877234e-13 1.000000000000000000e+00
2.896410634290358822e-16 2.615879735046178212e-09 1.000000000000000000e+00
3.703482280649538963e-21 1.781355417991223322e-13 1.000000000000000000e+00
7.116217602742835879e-05 6.144635581600832452e-12 9.999288320541381836e-01
1.030719569209969600e-17 1.059781331701897811e-13 1.000000000000000000e+00
1.997478432658184033e-10 3.348993174792647132e-12 1.000000000000000000e+00
4.447397050973646234e-19 6.737086610157996813e-14 1.000000000000000000e+00
6.297539919614791870e-02 1.132129546360660655e-11 9.370245933532714844e-01
4.998666917318665917e-18 9.207873585782497261e-14 1.000000000000000000e+00
2.936194539070129395e-01 7.731034372794945431e-14 7.063805460929870605e-01
3.766750884228443311e-17 7.630639962128218934e-14 1.000000000000000000e+00
2.849428893079714985e-16 1.696272115825347981e-11 1.000000000000000000e+00
6.802657425040806644e-21 1.133770066220375627e-13 1.000000000000000000e+00
9.999445080757141113e-01 5.061613293982419941e-18 5.551634603762067854e-05
5.572934162451461445e-16 7.406655312940796376e-14 1.000000000000000000e+00
5.485308645417034702e-20 4.628296782827924505e-14 1.000000000000000000e+00
2.012806501870955906e-18 7.762300730570353968e-14 1.000000000000000000e+00
1.001952752537060842e-12 6.496843861503176498e-12 1.000000000000000000e+00
1.352893464150981299e-16 1.054844552634756627e-13 1.000000000000000000e+00
2.250232773477510854e-18 1.218284913055700525e-13 1.000000000000000000e+00
1.270281758470118150e-15 8.680026369976140410e-14 1.000000000000000000e+00
1.480292697421634703e-20 2.854373855332159593e-12 1.000000000000000000e+00
9.152160557421112626e-21 1.102176889252598491e-13 1.000000000000000000e+00
1.689150562315683973e-14 7.949046423264688466e-14 1.000000000000000000e+00
3.184230841580593975e-15 8.467835129919928927e-14 1.000000000000000000e+00
1.713212023761906195e-19 8.789315304215394864e-14 1.000000000000000000e+00
1.731980028077698409e-18 7.524684949569357406e-14 1.000000000000000000e+00
5.448779990570307152e-13 3.821262967509952979e-13 1.000000000000000000e+00
6.876822932485739223e-17 9.894691945129541200e-14 1.000000000000000000e+00
2.075678225484427019e-18 6.526620606808752889e-14 1.000000000000000000e+00
1.307987641875380143e-15 8.459957045884106130e-14 1.000000000000000000e+00
4.493587995757215041e-22 3.110109554876200333e-13 1.000000000000000000e+00
9.780480973043997046e-21 1.066409872733931063e-13 1.000000000000000000e+00
1.346556893766504004e-10 5.479197960145745783e-14 1.000000000000000000e+00
1.340779357758027906e-15 8.374227147226603885e-14 1.000000000000000000e+00
