2.817514166235923767e-02 3.646802902221679688e-01 6.071445345878601074e-01
3.473582491278648376e-02 2.970342338085174561e-01 6.682299375534057617e-01
6.839489936828613281e-02 3.174185454845428467e-01 6.141865253448486328e-01
8.854470402002334595e-02 2.366875857114791870e-01 6.747677326202392578e-01
2.494954317808151245e-02 1.230669990181922913e-01 8.519834876060485840e-01
1.240378245711326599e-02 6.343647837638854980e-02 9.241597652435302734e-01
9.469981491565704346e-02 2.996677160263061523e-01 6.056324839591979980e-01
8.339424431324005127e-02 2.346777468919754028e-01 6.819280385971069336e-01
1.734737120568752289e-02 2.404309064149856567e-01 7.422217130661010742e-01
2.340677380561828613e-02 2.126448303461074829e-01 7.639483809471130371e-01
1.506838668137788773e-02 1.073898524045944214e-01 8.775417804718017578e-01
8.876842446625232697e-03 6.370368599891662598e-02 9.274194836616516113e-01
7.946578785777091980e-03 2.580550014972686768e-01 7.339984178543090820e-01
7.946566678583621979e-03 2.580547332763671875e-01 7.339987158775329590e-01
2.355363592505455017e-02 4.331594407558441162e-01 5.432869195938110352e-01
2.355364710092544556e-02 4.331596493721008301e-01 5.432866811752319336e-01
3.504289314150810242e-03 6.620702892541885376e-02 9.302886724472045898e-01
3.504292340949177742e-03 6.620708853006362915e-02 9.302886128425598145e-01
2.724807895720005035e-02 3.075084090232849121e-01 6.652435064315795898e-01
2.724808827042579651e-02 3.075084984302520752e-01 6.652434468269348145e-01
5.538988858461380005e-03 2.191746085882186890e-01 7.752864360809326172e-01
5.538990721106529236e-03 2.191747277975082397e-01 7.752862572669982910e-01
2.537498949095606804e-03 8.128306269645690918e-02 9.161794185638427734e-01
3.519343212246894836e-03 8.313434571027755737e-02 9.133462905883789062e-01
9.641841053962707520e-03 2.893171906471252441e-01 7.010409832000732422e-01
9.641844779253005981e-03 2.893172800540924072e-01 7.010408639907836914e-01
9.931146167218685150e-03 2.320383489131927490e-01 7.580305337905883789e-01
9.931138716638088226e-03 2.320381850004196167e-01 7.580306529998779297e-01
1.947627170011401176e-03 4.770201444625854492e-02 9.503503441810607910e-01
1.947625307366251945e-03 4.770197346806526184e-02 9.503504037857055664e-01
1.636286452412605286e-02 2.382563948631286621e-01 7.453807592391967773e-01
1.636286079883575439e-02 2.382563650608062744e-01 7.453807592391967773e-01
1.242822222411632538e-02 3.625025749206542969e-01 6.250692009925842285e-01
1.242821943014860153e-02 3.625024557113647461e-01 6.250693202018737793e-01
2.226202283054590225e-03 7.321515679359436035e-02 9.245586395263671875e-01
4.143776372075080872e-03 9.653736650943756104e-02 8.993188738822937012e-01
1.236937288194894791e-02 2.951420545578002930e-01 6.924885511398315430e-01
1.236937195062637329e-02 2.951421141624450684e-01 6.924885511398315430e-01
2.961714379489421844e-02 3.920857906341552734e-01 5.782970786094665527e-01
2.961716614663600922e-02 3.920860588550567627e-01 5.782967805862426758e-01
3.008729545399546623e-03 4.711426049470901489e-02 9.498770236968994141e-01
3.008732106536626816e-03 4.711430519819259644e-02 9.498769640922546387e-01
2.336491830646991730e-02 2.348667234182357788e-01 7.417683601379394531e-01
2.336490713059902191e-02 2.348665893077850342e-01 7.417684793472290039e-01
1.182465907186269760e-02 2.835617363452911377e-01 7.046136260032653809e-01
1.182465162128210068e-02 2.835615575313568115e-01 7.046138048171997070e-01
6.113547831773757935e-03 1.225173175334930420e-01 8.713691234588623047e-01
1.046921871602535248e-02 1.468106210231781006e-01 8.427201509475708008e-01
4.111939668655395508e-02 3.155558407306671143e-01 6.433247923851013184e-01
3.684842213988304138e-02 3.289805352687835693e-01 6.341710090637207031e-01
6.520553678274154663e-02 2.292217165231704712e-01 7.055727243423461914e-01
5.507113784551620483e-02 2.061963081359863281e-01 7.387325763702392578e-01
6.665375083684921265e-02 1.997933387756347656e-01 7.335529327392578125e-01
4.605062678456306458e-02 1.560154557228088379e-01 7.979339361190795898e-01
9.149640798568725586e-02 2.361787855625152588e-01 6.723247766494750977e-01
6.991083174943923950e-02 1.905398368835449219e-01 7.395493388175964355e-01
2.629249542951583862e-02 2.037412971258163452e-01 7.699661850929260254e-01
2.554235979914665222e-02 2.305645197629928589e-01 7.438931465148925781e-01
1.202641148120164871e-02 5.907245352864265442e-02 9.289011359214782715e-01
1.202640589326620102e-02 5.907242745161056519e-02 9.289011359214782715e-01
2.679457142949104309e-02 5.267277956008911133e-01 4.464776217937469482e-01
2.679458260536193848e-02 5.267280340194702148e-01 4.464773833751678467e-01
6.142802536487579346e-02 5.589430332183837891e-01 3.796289265155792236e-01
6.142801791429519653e-02 5.589429736137390137e-01 3.796290159225463867e-01
1.937055215239524841e-02 1.955571770668029785e-01 7.850722670555114746e-01
1.937052980065345764e-02 1.955569535493850708e-01 7.850725054740905762e-01
5.912617966532707214e-02 3.865409791469573975e-01 5.543328523635864258e-01
5.912621319293975830e-02 3.865411877632141113e-01 5.543326139450073242e-01
2.140724658966064453e-02 4.447960853576660156e-01 5.337966680526733398e-01
2.140724286437034607e-02 4.447960257530212402e-01 5.337967276573181152e-01
1.142532844096422195e-02 1.735003888607025146e-01 8.150742650032043457e-01
2.417460642755031586e-02 2.566696703433990479e-01 7.191557288169860840e-01
7.520187180489301682e-03 2.683829367160797119e-01 7.240968942642211914e-01
1.489506755024194717e-02 2.641830444335937500e-01 7.209218740463256836e-01
6.503472570329904556e-03 1.099752634763717651e-01 8.835212588310241699e-01
2.516208030283451080e-02 1.587282419204711914e-01 8.161096572875976562e-01
1.429395098239183426e-02 1.371176540851593018e-01 8.485884070396423340e-01
1.000913791358470917e-02 8.365990966558456421e-02 9.063309431076049805e-01
5.410492420196533203e-02 3.620423078536987305e-01 5.838527679443359375e-01
6.106001511216163635e-02 3.016064763069152832e-01 6.373335123062133789e-01
3.808957524597644806e-03 1.607816219329833984e-01 8.354094028472900391e-01
8.867319673299789429e-03 1.801118701696395874e-01 8.110207915306091309e-01
6.614487152546644211e-03 1.366202980279922485e-01 8.567652106285095215e-01
6.618155166506767273e-03 8.557842671871185303e-02 9.078034162521362305e-01
4.494796972721815109e-03 2.778542041778564453e-01 7.176510095596313477e-01
4.494795575737953186e-03 2.778541147708892822e-01 7.176511287689208984e-01
1.262456458061933517e-02 4.687857925891876221e-01 5.185896158218383789e-01
1.262456644326448441e-02 4.687859714031219482e-01 5.185894370079040527e-01
3.548664273694157600e-03 1.047773882746696472e-01 8.916739225387573242e-01
3.548667067661881447e-03 1.047775000333786011e-01 8.916738033294677734e-01
2.420410141348838806e-02 4.509534835815429688e-01 5.248424410820007324e-01
2.420410141348838806e-02 4.509534835815429688e-01 5.248424410820007324e-01
3.175568534061312675e-03 2.492596656084060669e-01 7.475647926330566406e-01
3.175568534061312675e-03 2.492596656084060669e-01 7.475647926330566406e-01
2.290474250912666321e-03 1.489199399948120117e-01 8.487895727157592773e-01
3.195616649463772774e-03 1.321896165609359741e-01 8.646147847175598145e-01
7.429378572851419449e-03 3.723984658718109131e-01 6.201721429824829102e-01
7.429393008351325989e-03 3.723990619182586670e-01 6.201715469360351562e-01
8.257450535893440247e-03 3.287573456764221191e-01 6.629852056503295898e-01
8.257448673248291016e-03 3.287571966648101807e-01 6.629853844642639160e-01
2.601887332275509834e-03 9.043282270431518555e-02 9.069653153419494629e-01
2.601887332275509834e-03 9.043282270431518555e-02 9.069653153419494629e-01
1.847529597580432892e-02 3.960079252719879150e-01 5.855168104171752930e-01
1.847529783844947815e-02 3.960079848766326904e-01 5.855166912078857422e-01
1.011020317673683167e-02 4.831384122371673584e-01 5.067513585090637207e-01
1.011019572615623474e-02 4.831382334232330322e-01 5.067515373229980469e-01
2.728186780586838722e-03 1.527750939130783081e-01 8.444967269897460938e-01
4.958741366863250732e-03 1.763114035129547119e-01 8.187298774719238281e-01
6.482431199401617050e-03 3.032958209514617920e-01 6.902217268943786621e-01
6.482425145804882050e-03 3.032955229282379150e-01 6.902220249176025391e-01
1.394472178071737289e-02 3.986401855945587158e-01 5.874150991439819336e-01
1.394471339881420135e-02 3.986399769783020020e-01 5.874152779579162598e-01
2.591665834188461304e-03 6.645055860280990601e-02 9.309577941894531250e-01
2.591663738712668419e-03 6.645049899816513062e-02 9.309578537940979004e-01
1.919662952423095703e-02 3.309383988380432129e-01 6.498649716377258301e-01
1.919663511216640472e-02 3.309385180473327637e-01 6.498648524284362793e-01
6.481344811618328094e-03 3.120539784431457520e-01 6.814646720886230469e-01
6.481353659182786942e-03 3.120543658733367920e-01 6.814642548561096191e-01
4.896236117929220200e-03 2.016513347625732422e-01 7.934524416923522949e-01
8.718031458556652069e-03 2.155206352472305298e-01 7.757613062858581543e-01
2.176241949200630188e-02 3.308887481689453125e-01 6.473488211631774902e-01
1.764647290110588074e-02 3.611643314361572266e-01 6.211891770362854004e-01
2.728056721389293671e-02 2.123599648475646973e-01 7.603594660758972168e-01
1.911956630647182465e-02 2.002343535423278809e-01 7.806460857391357422e-01
6.229437142610549927e-02 2.990523576736450195e-01 6.386532783508300781e-01
4.273213818669319153e-02 2.654051482677459717e-01 6.918627023696899414e-01
7.524250447750091553e-02 3.347402811050415039e-01 5.900171995162963867e-01
5.590240284800529480e-02 3.008868098258972168e-01 6.432107686996459961e-01
1.360972132533788681e-02 2.191089689731597900e-01 7.672812938690185547e-01
1.206403691321611404e-02 2.674759626388549805e-01 7.204599976539611816e-01
9.320243261754512787e-03 9.278862178325653076e-02 8.978911638259887695e-01
9.320250712335109711e-03 9.278869628906250000e-02 8.978910446166992188e-01
1.069023460149765015e-02 4.891402423381805420e-01 5.001695156097412109e-01
1.069023273885250092e-02 4.891401231288909912e-01 5.001696348190307617e-01
1.720776967704296112e-02 4.471389651298522949e-01 5.356532335281372070e-01
1.720776222646236420e-02 4.471388161182403564e-01 5.356534123420715332e-01
1.285580638796091080e-02 2.415924817323684692e-01 7.455517053604125977e-01
1.285578310489654541e-02 2.415920794010162354e-01 7.455521225929260254e-01
3.673452511429786682e-02 4.760106801986694336e-01 4.872547984123229980e-01
3.673451766371726990e-02 4.760105609893798828e-01 4.872549176216125488e-01
8.075033314526081085e-03 4.129165410995483398e-01 5.790084600448608398e-01
8.075024001300334930e-03 4.129160642623901367e-01 5.790088772773742676e-01
6.424033083021640778e-03 2.458934634923934937e-01 7.476825118064880371e-01
1.523585151880979538e-02 3.286151885986328125e-01 6.561489701271057129e-01
