9.015469551086425781e-01 3.926737408619374037e-04 9.806039929389953613e-02
1.623165905475616455e-01 6.993492133915424347e-03 8.306899070739746094e-01
2.844341397285461426e-01 1.044239543261937797e-04 7.154614329338073730e-01
6.576167885214090347e-03 1.883194781839847565e-02 9.745919108390808105e-01
4.930281639099121094e-02 7.588964945171028376e-05 9.506213068962097168e-01
7.763677858747541904e-04 7.229734328575432301e-04 9.985006451606750488e-01
9.934213161468505859e-01 1.521659442005329765e-06 6.577169056981801987e-03
1.125163957476615906e-01 3.689861390739679337e-03 8.837937712669372559e-01
2.390509545803070068e-01 2.487593155819922686e-05 7.609241604804992676e-01
1.827377360314130783e-03 1.560994074679911137e-03 9.966116547584533691e-01
8.439520001411437988e-01 5.968080949969589710e-04 1.554511785507202148e-01
9.335631330031901598e-05 9.834078082349151373e-05 9.998083114624023438e-01
1.087379977107048035e-01 9.661811636760830879e-04 8.902958035469055176e-01
6.573737263679504395e-01 1.192123978398740292e-03 3.414341211318969727e-01
2.287270314991474152e-02 8.645343041280284524e-05 9.770408272743225098e-01
7.424612641334533691e-01 1.466580200940370560e-03 2.560721337795257568e-01
3.834179951809346676e-04 3.068626756430603564e-05 9.995858669281005859e-01
1.601132564246654510e-02 1.918219059007242322e-04 9.837968349456787109e-01
7.617229223251342773e-01 2.997055889863986522e-05 2.382470816373825073e-01
2.842024862766265869e-01 3.394790401216596365e-04 7.154580354690551758e-01
3.056394867599010468e-02 3.551982808858156204e-05 9.694005250930786133e-01
1.582324951887130737e-01 1.501510851085186005e-03 8.402659893035888672e-01
2.676835842430591583e-02 3.161401022225618362e-03 9.700702428817749023e-01
5.742443026974797249e-04 7.627566083101555705e-05 9.993494749069213867e-01
7.038948535919189453e-01 1.359764835797250271e-03 2.947454154491424561e-01
5.761745944619178772e-02 9.707637364044785500e-04 9.414117932319641113e-01
8.928768336772918701e-02 3.290321328677237034e-04 9.103832840919494629e-01
1.428872626274824142e-02 1.251975540071725845e-03 9.844592809677124023e-01
1.507732737809419632e-02 6.683788524242118001e-05 9.848558306694030762e-01
9.990204125642776489e-04 1.481541112298145890e-04 9.988528490066528320e-01
7.274829745292663574e-01 3.358507819939404726e-05 2.724834382534027100e-01
4.975758492946624756e-03 1.016940150293521583e-04 9.949225187301635742e-01
4.585160911083221436e-01 6.984129140619188547e-05 5.414140820503234863e-01
5.980726331472396851e-03 5.227024666965007782e-04 9.934965968132019043e-01
2.564451992511749268e-01 9.267738088965415955e-03 7.342870831489562988e-01
2.180464216507971287e-04 7.494259625673294067e-05 9.997069835662841797e-01
8.253872394561767578e-01 2.017434017034247518e-04 1.744110286235809326e-01
7.360221147537231445e-01 1.345717028016224504e-04 2.638433277606964111e-01
1.261370629072189331e-01 7.133072358556091785e-05 8.737916350364685059e-01
5.685544013977050781e-01 4.290106298867613077e-04 4.310165643692016602e-01
1.043212227523326874e-02 3.536006988724693656e-05 9.895325303077697754e-01
6.291030440479516983e-03 6.088941518100909889e-05 9.936480522155761719e-01
9.057831764221191406e-01 4.199765498924534768e-06 9.421259909868240356e-02
4.136307239532470703e-01 5.287120802677236497e-05 5.863164067268371582e-01
1.166109070181846619e-01 2.405400482530239969e-05 8.833650350570678711e-01
5.701333656907081604e-02 2.260374749312177300e-04 9.427606463432312012e-01
2.911323904991149902e-01 1.647121855057775974e-03 7.072204947471618652e-01
4.785798955708742142e-04 3.360243499628268182e-05 9.994878172874450684e-01
1.414599176496267319e-02 1.797988370526582003e-04 9.856742024421691895e-01
8.344336412847042084e-03 6.338689709082245827e-04 9.910218119621276855e-01
2.657522447407245636e-03 2.322996442671865225e-05 9.973192214965820312e-01
2.344024833291769028e-03 2.089757705107331276e-03 9.955661892890930176e-01
4.311910364776849747e-03 1.111808524001389742e-05 9.956769943237304688e-01
4.353046417236328125e-03 4.734454269055277109e-04 9.951735138893127441e-01
3.083312809467315674e-01 2.012291770370211452e-05 6.916486024856567383e-01
7.083982694894075394e-03 2.648819354362785816e-04 9.926511645317077637e-01
1.931688375771045685e-02 7.694849955441895872e-06 9.806753993034362793e-01
2.723985118791460991e-03 3.712359466589987278e-04 9.969047904014587402e-01
7.778597995638847351e-03 1.252010551979765296e-04 9.920961856842041016e-01
5.998793494654819369e-05 2.414489608781877905e-05 9.999158382415771484e-01
6.937705278396606445e-01 1.848001993494108319e-04 3.060446381568908691e-01
3.177324309945106506e-02 5.430094824987463653e-05 9.681724309921264648e-01
2.359836734831333160e-02 2.367589331697672606e-05 9.763779640197753906e-01
2.710437169298529625e-03 3.367473618709482253e-05 9.972558617591857910e-01
3.677338128909468651e-03 6.721210866089677438e-06 9.963159561157226562e-01
1.653622312005609274e-04 2.885561116272583604e-06 9.998317360877990723e-01
6.148579120635986328e-01 5.978096396574983373e-06 3.851360976696014404e-01
4.460603930056095123e-03 4.323379926063353196e-06 9.955350756645202637e-01
5.316479504108428955e-02 5.944005351921077818e-06 9.468292593955993652e-01
6.062576430849730968e-04 4.848301159654511139e-06 9.993888735771179199e-01
5.812989547848701477e-02 4.041772917844355106e-04 9.414659142494201660e-01
9.092445543501526117e-05 6.944959295651642606e-06 9.999021291732788086e-01
8.478237986564636230e-01 3.256364725530147552e-04 1.518505513668060303e-01
9.718976914882659912e-03 2.124868566170334816e-03 9.881561398506164551e-01
6.551019549369812012e-01 8.577654079999774694e-05 3.448122441768646240e-01
5.429587909020483494e-04 6.138127297163009644e-03 9.933189153671264648e-01
3.184650093317031860e-02 3.408129123272374272e-05 9.681194424629211426e-01
4.025809539598412812e-05 8.008584700291976333e-05 9.998796582221984863e-01
9.919940829277038574e-01 3.868122348649194464e-06 8.002020418643951416e-03
6.464833859354257584e-03 2.182118827477097511e-03 9.913530349731445312e-01
4.352872669696807861e-01 1.647976750973612070e-05 5.646962523460388184e-01
1.461352221667766571e-04 4.609437310136854649e-04 9.993929266929626465e-01
3.835628032684326172e-01 3.908603393938392401e-04 6.160463690757751465e-01
1.275777503906283528e-05 3.074047344853170216e-05 9.999564886093139648e-01
5.035025253891944885e-02 8.119744597934186459e-04 9.488377571105957031e-01
8.261885493993759155e-02 1.416352111846208572e-03 9.159647822380065918e-01
3.667880222201347351e-02 1.273147208848968148e-04 9.631938934326171875e-01
2.553375661373138428e-01 2.700532320886850357e-03 7.419618964195251465e-01
4.092008166480809450e-04 2.237611806776840240e-05 9.995684027671813965e-01
1.025954494252800941e-03 5.146898911334574223e-05 9.989225864410400391e-01
6.668999791145324707e-01 5.714904182241298258e-05 3.330428600311279297e-01
4.262603446841239929e-02 3.021405427716672421e-04 9.570718407630920410e-01
3.575965017080307007e-02 2.380992373218759894e-05 9.642165303230285645e-01
1.652445830404758453e-02 3.829433117061853409e-04 9.830926060676574707e-01
4.074640572071075439e-03 8.130382047966122627e-04 9.951122999191284180e-01
1.261950092157348990e-04 2.827130265359301120e-05 9.998455047607421875e-01
5.427802205085754395e-01 1.079859677702188492e-03 4.561398923397064209e-01
3.033373691141605377e-02 7.083184318616986275e-04 9.689579606056213379e-01
1.127330511808395386e-01 1.512796588940545917e-04 8.871156573295593262e-01
6.666909437626600266e-03 5.148006603121757507e-04 9.928182959556579590e-01
8.669049479067325592e-03 3.448367351666092873e-05 9.912964701652526855e-01
2.126409381162375212e-04 4.062939478899352252e-05 9.997467398643493652e-01
8.269976973533630371e-01 3.114614446531049907e-05 1.729711294174194336e-01
2.931682392954826355e-03 9.949570085154846311e-05 9.969688057899475098e-01
5.777958631515502930e-01 3.430968354223296046e-05 4.221698343753814697e-01
2.325202105566859245e-03 1.900086208479478955e-04 9.974848031997680664e-01
6.601492315530776978e-02 2.448554383590817451e-03 9.315364956855773926e-01
9.985955693991854787e-05 3.701148307300172746e-05 9.998631477355957031e-01
5.233249664306640625e-01 3.013998211827129126e-04 4.763736128807067871e-01
1.315605044364929199e-01 2.273307036375626922e-04 8.682121634483337402e-01
2.203148454427719116e-01 9.121949551627039909e-05 7.795939445495605469e-01
1.974642425775527954e-01 4.993953625671565533e-04 8.020363450050354004e-01
8.676635101437568665e-03 2.105521889461670071e-05 9.913023114204406738e-01
5.983962910249829292e-04 1.496690583735471591e-05 9.993866086006164551e-01
8.792811036109924316e-01 1.190330385725246742e-05 1.207070052623748779e-01
4.294724017381668091e-02 6.795019726268947124e-05 9.569848179817199707e-01
1.610553413629531860e-01 1.613263702893164009e-05 8.389285206794738770e-01
8.597862906754016876e-03 5.326974132913164794e-05 9.913488626480102539e-01
4.427970945835113525e-02 5.650946986861526966e-04 9.551551938056945801e-01
8.036129293031990528e-05 1.114313545258482918e-05 9.999085068702697754e-01
9.849298745393753052e-03 1.057353292708285153e-04 9.900449514389038086e-01
1.317714923061430454e-03 2.023996494244784117e-04 9.984799027442932129e-01
9.162835776805877686e-03 3.221737642888911068e-05 9.908049702644348145e-01
4.928875714540481567e-04 5.887239822186529636e-04 9.989184141159057617e-01
3.118555760011076927e-03 6.519966063933679834e-06 9.968749284744262695e-01
7.328026113100349903e-04 9.418067202204838395e-05 9.991730451583862305e-01
4.039684832096099854e-01 1.204073214466916397e-05 5.960195064544677734e-01
1.748580718412995338e-03 7.649302278878167272e-05 9.981749057769775391e-01
6.909876316785812378e-02 7.416860171360895038e-06 9.308938384056091309e-01
4.934011958539485931e-04 8.688185334904119372e-05 9.994196891784667969e-01
2.268171403557062149e-03 4.369267844595015049e-05 9.976881146430969238e-01
3.027975981240160763e-05 1.249622710020048544e-05 9.999572038650512695e-01
5.409491062164306641e-01 2.582355518825352192e-04 4.587926864624023438e-01
1.359535194933414459e-02 5.988944394630379975e-05 9.863447546958923340e-01
9.672615677118301392e-02 4.614365752786397934e-05 9.032276868820190430e-01
2.726716455072164536e-03 2.821326597768347710e-05 9.972450733184814453e-01
3.789131529629230499e-03 6.109445621405029669e-06 9.962047338485717773e-01
4.294050813768990338e-05 1.262964588022441603e-06 9.999557733535766602e-01
8.558059334754943848e-01 6.424294042517431080e-06 1.441876590251922607e-01
6.523685995489358902e-03 7.563227882201317698e-06 9.934687614440917969e-01
1.504369229078292847e-01 8.699675163370557129e-06 8.495543599128723145e-01
4.105171537958085537e-04 3.274588834756286815e-06 9.995862245559692383e-01
1.276141032576560974e-02 1.176652367576025426e-04 9.871209263801574707e-01
1.978061845875345170e-05 2.466328169248299673e-06 9.999777674674987793e-01
